1311876800.3982 1.0000 0.0000 0.0000 0.0000 0.0000 1.0000 0.0000 0.0000 0.0000 0.0000 1.0000 0.0000
1311876800.4301 1.0000 0.0000 -0.0000 0.0000 -0.0000 1.0000 -0.0001 0.0000 0.0000 0.0001 1.0000 0.0000
1311876800.4675 1.0000 0.0001 -0.0000 0.0000 -0.0001 1.0000 -0.0003 0.0001 0.0000 0.0003 1.0000 0.0001
1311876800.4992 1.0000 0.0001 0.0000 0.0000 -0.0001 1.0000 -0.0005 0.0001 -0.0000 0.0005 1.0000 0.0001
1311876800.5506 1.0000 0.0002 -0.0001 0.0000 -0.0002 1.0000 -0.0004 0.0001 0.0001 0.0004 1.0000 0.0001
1311876800.5846 1.0000 0.0001 0.0001 -0.0000 -0.0001 1.0000 -0.0004 0.0001 -0.0001 0.0004 1.0000 0.0001
1311876800.6268 1.0000 0.0001 0.0002 -0.0001 -0.0001 1.0000 -0.0006 0.0002 -0.0002 0.0006 1.0000 0.0001
1311876800.6691 1.0000 0.0002 0.0003 -0.0001 -0.0002 1.0000 -0.0007 0.0002 -0.0003 0.0007 1.0000 0.0001
1311876800.6991 1.0000 0.0001 0.0003 -0.0001 -0.0001 1.0000 -0.0003 0.0001 -0.0003 0.0003 1.0000 0.0001
1311876800.7309 1.0000 0.0002 0.0004 -0.0001 -0.0002 1.0000 -0.0003 0.0001 -0.0004 0.0003 1.0000 0.0001
1311876800.7679 1.0000 0.0003 0.0003 -0.0001 -0.0003 1.0000 -0.0004 0.0002 -0.0003 0.0004 1.0000 0.0000
1311876800.8194 1.0000 0.0001 0.0006 -0.0002 -0.0001 1.0000 -0.0004 0.0002 -0.0006 0.0004 1.0000 0.0001
1311876800.8629 1.0000 0.0002 0.0005 -0.0001 -0.0002 1.0000 -0.0003 0.0001 -0.0005 0.0003 1.0000 0.0000
1311876800.8947 1.0000 0.0002 0.0005 -0.0001 -0.0002 1.0000 -0.0008 0.0003 -0.0005 0.0008 1.0000 0.0001
1311876800.9301 1.0000 0.0001 0.0006 -0.0002 -0.0001 1.0000 -0.0005 0.0002 -0.0006 0.0005 1.0000 0.0001
1311876800.9659 1.0000 0.0003 0.0007 -0.0002 -0.0003 1.0000 -0.0005 0.0002 -0.0007 0.0005 1.0000 0.0001
1311876801.0006 1.0000 0.0003 0.0008 -0.0002 -0.0003 1.0000 -0.0005 0.0002 -0.0008 0.0005 1.0000 0.0001
1311876801.0306 1.0000 0.0004 0.0009 -0.0002 -0.0004 1.0000 -0.0005 0.0002 -0.0009 0.0005 1.0000 0.0001
1311876801.0947 1.0000 0.0003 0.0008 -0.0002 -0.0003 1.0000 -0.0007 0.0003 -0.0008 0.0007 1.0000 0.0001
1311876801.1318 1.0000 0.0004 0.0008 -0.0002 -0.0004 1.0000 -0.0006 0.0003 -0.0008 0.0006 1.0000 0.0002
1311876801.1672 1.0000 0.0003 0.0009 -0.0003 -0.0003 1.0000 -0.0006 0.0002 -0.0009 0.0006 1.0000 0.0001
1311876801.2268 1.0000 0.0004 0.0009 -0.0003 -0.0004 1.0000 -0.0005 0.0002 -0.0009 0.0005 1.0000 0.0002
1311876801.2699 1.0000 0.0002 0.0011 -0.0003 -0.0002 1.0000 -0.0008 0.0003 -0.0011 0.0008 1.0000 0.0002
1311876801.2993 1.0000 0.0002 0.0014 -0.0004 -0.0002 1.0000 -0.0007 0.0003 -0.0014 0.0007 1.0000 0.0002
1311876801.3517 1.0000 0.0002 0.0014 -0.0004 -0.0002 1.0000 -0.0008 0.0003 -0.0014 0.0008 1.0000 0.0002
1311876801.3874 1.0000 0.0003 0.0015 -0.0005 -0.0003 1.0000 -0.0007 0.0003 -0.0015 0.0007 1.0000 0.0001
1311876801.4327 1.0000 0.0003 0.0016 -0.0005 -0.0003 1.0000 -0.0008 0.0003 -0.0016 0.0008 1.0000 0.0002
1311876801.4704 1.0000 0.0002 0.0016 -0.0005 -0.0002 1.0000 -0.0006 0.0003 -0.0016 0.0006 1.0000 0.0001
1311876801.4951 1.0000 0.0002 0.0016 -0.0005 -0.0002 1.0000 -0.0006 0.0003 -0.0016 0.0006 1.0000 0.0001
1311876801.5516 1.0000 0.0004 0.0018 -0.0005 -0.0004 1.0000 -0.0007 0.0003 -0.0018 0.0007 1.0000 0.0001
1311876801.5876 1.0000 0.0005 0.0016 -0.0005 -0.0005 1.0000 -0.0008 0.0003 -0.0016 0.0008 1.0000 0.0001
1311876801.6303 1.0000 0.0005 0.0017 -0.0005 -0.0005 1.0000 -0.0009 0.0004 -0.0017 0.0009 1.0000 0.0002
1311876801.6880 1.0000 0.0004 0.0021 -0.0006 -0.0004 1.0000 -0.0010 0.0004 -0.0021 0.0010 1.0000 0.0002
1311876801.7527 1.0000 0.0004 0.0019 -0.0006 -0.0004 1.0000 -0.0012 0.0005 -0.0019 0.0012 1.0000 0.0002
1311876801.7638 1.0000 0.0004 0.0018 -0.0007 -0.0004 1.0000 -0.0010 0.0004 -0.0018 0.0010 1.0000 0.0002
1311876801.7995 1.0000 0.0000 0.0015 -0.0008 -0.0000 1.0000 -0.0012 0.0005 -0.0015 0.0012 1.0000 0.0002
1311876801.8310 1.0000 0.0004 -0.0008 -0.0009 -0.0004 1.0000 -0.0017 0.0006 0.0008 0.0017 1.0000 0.0001
1311876801.8677 1.0000 0.0011 -0.0037 -0.0008 -0.0011 1.0000 -0.0019 0.0007 0.0036 0.0019 1.0000 0.0001
1311876801.9199 1.0000 0.0010 -0.0057 -0.0008 -0.0010 1.0000 -0.0013 0.0004 0.0057 0.0013 1.0000 0.0000
1311876801.9879 0.9999 0.0013 -0.0117 -0.0010 -0.0013 1.0000 -0.0033 0.0004 0.0116 0.0033 0.9999 0.0001
1311876802.0634 0.9997 0.0026 -0.0234 -0.0014 -0.0026 1.0000 -0.0010 0.0004 0.0234 0.0011 0.9997 0.0004
1311876802.1518 0.9994 0.0035 -0.0354 -0.0016 -0.0035 1.0000 0.0008 0.0001 0.0354 -0.0007 0.9994 0.0007
1311876802.2012 0.9988 0.0050 -0.0480 -0.0017 -0.0048 1.0000 0.0032 -0.0004 0.0480 -0.0030 0.9988 0.0009
1311876802.2517 0.9985 0.0061 -0.0549 -0.0017 -0.0061 1.0000 0.0013 -0.0004 0.0549 -0.0009 0.9985 0.0012
1311876802.3195 0.9975 0.0081 -0.0697 -0.0019 -0.0083 1.0000 -0.0023 -0.0003 0.0696 0.0029 0.9976 0.0013
1311876802.3844 0.9961 0.0107 -0.0874 -0.0018 -0.0112 0.9999 -0.0055 -0.0004 0.0873 0.0065 0.9962 0.0020
1311876802.4334 0.9944 0.0113 -0.1051 -0.0021 -0.0118 0.9999 -0.0036 0.0005 0.1050 0.0048 0.9945 0.0026
1311876802.4946 0.9923 0.0143 -0.1229 -0.0018 -0.0144 0.9999 -0.0002 -0.0001 0.1229 0.0019 0.9924 0.0037
1311876802.5322 0.9914 0.0154 -0.1303 -0.0017 -0.0155 0.9999 0.0007 -0.0001 0.1303 0.0013 0.9915 0.0041
1311876802.5878 0.9904 0.0170 -0.1375 -0.0017 -0.0172 0.9999 0.0001 -0.0002 0.1375 0.0023 0.9905 0.0044
1311876802.6267 0.9884 0.0197 -0.1506 -0.0019 -0.0198 0.9998 0.0005 -0.0005 0.1505 0.0025 0.9886 0.0048
1311876802.6947 0.9863 0.0210 -0.1636 -0.0020 -0.0213 0.9998 -0.0002 -0.0007 0.1635 0.0037 0.9865 0.0052
1311876802.7550 0.9851 0.0224 -0.1706 -0.0020 -0.0225 0.9997 0.0009 -0.0011 0.1706 0.0029 0.9853 0.0055
1311876802.8192 0.9825 0.0228 -0.1850 -0.0020 -0.0232 0.9997 -0.0001 -0.0010 0.1850 0.0044 0.9827 0.0062
1311876802.8529 0.9811 0.0237 -0.1918 -0.0021 -0.0242 0.9997 -0.0001 -0.0009 0.1918 0.0047 0.9814 0.0065
1311876802.8839 0.9797 0.0245 -0.1990 -0.0023 -0.0250 0.9997 -0.0001 -0.0010 0.1989 0.0050 0.9800 0.0068
1311876802.9166 0.9782 0.0257 -0.2060 -0.0023 -0.0264 0.9997 -0.0005 -0.0011 0.2059 0.0059 0.9785 0.0072
1311876802.9534 0.9767 0.0254 -0.2133 -0.0025 -0.0265 0.9996 -0.0026 -0.0011 0.2131 0.0082 0.9770 0.0076
1311876802.9882 0.9750 0.0254 -0.2208 -0.0025 -0.0281 0.9996 -0.0090 -0.0008 0.2205 0.0150 0.9753 0.0079
1311876803.0547 0.9714 0.0259 -0.2359 -0.0023 -0.0288 0.9995 -0.0089 -0.0008 0.2355 0.0154 0.9717 0.0082
1311876803.0842 0.9694 0.0275 -0.2440 -0.0024 -0.0296 0.9995 -0.0050 -0.0009 0.2438 0.0121 0.9698 0.0088
1311876803.1183 0.9675 0.0291 -0.2513 -0.0026 -0.0312 0.9995 -0.0045 -0.0013 0.2510 0.0122 0.9679 0.0093
1311876803.1537 0.9658 0.0300 -0.2574 -0.0025 -0.0324 0.9995 -0.0050 -0.0010 0.2572 0.0131 0.9663 0.0093
1311876803.2029 0.9621 0.0323 -0.2708 -0.0027 -0.0347 0.9994 -0.0040 -0.0010 0.2705 0.0132 0.9626 0.0098
1311876803.2318 0.9606 0.0327 -0.2762 -0.0029 -0.0351 0.9994 -0.0040 -0.0009 0.2759 0.0136 0.9611 0.0101
1311876803.3018 0.9569 0.0334 -0.2885 -0.0032 -0.0364 0.9993 -0.0051 -0.0011 0.2881 0.0154 0.9575 0.0106
1311876803.3626 0.9530 0.0350 -0.3011 -0.0035 -0.0378 0.9993 -0.0034 -0.0014 0.3008 0.0147 0.9536 0.0113
1311876803.4196 0.9511 0.0357 -0.3068 -0.0038 -0.0386 0.9993 -0.0031 -0.0014 0.3065 0.0148 0.9518 0.0117
1311876803.4627 0.9469 0.0382 -0.3193 -0.0042 -0.0405 0.9992 -0.0005 -0.0016 0.3191 0.0134 0.9476 0.0123
1311876803.4948 0.9444 0.0399 -0.3263 -0.0045 -0.0426 0.9991 -0.0011 -0.0020 0.3260 0.0150 0.9453 0.0128
1311876803.5302 0.9420 0.0401 -0.3332 -0.0045 -0.0440 0.9990 -0.0042 -0.0015 0.3327 0.0186 0.9428 0.0130
1311876803.5657 0.9398 0.0416 -0.3393 -0.0048 -0.0452 0.9990 -0.0027 -0.0016 0.3388 0.0179 0.9407 0.0136
1311876803.6194 0.9374 0.0433 -0.3456 -0.0051 -0.0468 0.9989 -0.0017 -0.0017 0.3451 0.0178 0.9384 0.0142
1311876803.7012 0.9302 0.0477 -0.3639 -0.0060 -0.0495 0.9988 0.0044 -0.0023 0.3636 0.0139 0.9314 0.0155
1311876803.7277 0.9274 0.0476 -0.3710 -0.0064 -0.0503 0.9987 0.0025 -0.0023 0.3707 0.0164 0.9286 0.0161
1311876803.7690 0.9251 0.0488 -0.3767 -0.0066 -0.0514 0.9987 0.0030 -0.0021 0.3763 0.0166 0.9263 0.0161
1311876803.7997 0.9211 0.0513 -0.3859 -0.0066 -0.0515 0.9986 0.0096 -0.0036 0.3859 0.0111 0.9225 0.0174
1311876803.8549 0.9186 0.0522 -0.3917 -0.0069 -0.0529 0.9986 0.0090 -0.0039 0.3916 0.0124 0.9201 0.0178
1311876803.9201 0.9129 0.0514 -0.4050 -0.0075 -0.0544 0.9985 0.0041 -0.0045 0.4046 0.0183 0.9143 0.0189
1311876803.9873 0.9059 0.0539 -0.4200 -0.0080 -0.0559 0.9984 0.0076 -0.0046 0.4197 0.0166 0.9075 0.0196
1311876804.0340 0.8960 0.0598 -0.4401 -0.0089 -0.0593 0.9981 0.0148 -0.0056 0.4402 0.0129 0.8978 0.0215
1311876804.0661 0.8915 0.0613 -0.4489 -0.0094 -0.0606 0.9980 0.0159 -0.0058 0.4490 0.0131 0.8934 0.0222
1311876804.1236 0.8865 0.0621 -0.4586 -0.0099 -0.0616 0.9980 0.0160 -0.0060 0.4587 0.0140 0.8885 0.0230
1311876804.2237 0.8764 0.0609 -0.4777 -0.0104 -0.0616 0.9980 0.0141 -0.0065 0.4776 0.0171 0.8784 0.0237
1311876804.2872 0.8646 0.0627 -0.4986 -0.0109 -0.0614 0.9979 0.0191 -0.0070 0.4987 0.0141 0.8666 0.0250
1311876804.3553 0.8507 0.0632 -0.5219 -0.0114 -0.0618 0.9979 0.0202 -0.0076 0.5220 0.0151 0.8528 0.0270
1311876804.4232 0.8378 0.0643 -0.5422 -0.0119 -0.0622 0.9978 0.0223 -0.0078 0.5425 0.0151 0.8399 0.0283
1311876804.4871 0.8248 0.0650 -0.5616 -0.0125 -0.0634 0.9977 0.0224 -0.0082 0.5618 0.0171 0.8271 0.0294
1311876804.5549 0.8123 0.0644 -0.5797 -0.0129 -0.0642 0.9977 0.0209 -0.0084 0.5797 0.0203 0.8145 0.0303
1311876804.6236 0.7982 0.0699 -0.5983 -0.0133 -0.0629 0.9975 0.0327 -0.0093 0.5991 0.0116 0.8006 0.0328
1311876804.6875 0.7841 0.0637 -0.6173 -0.0135 -0.0589 0.9979 0.0281 -0.0094 0.6178 0.0143 0.7862 0.0330
1311876804.7548 0.7669 0.0693 -0.6380 -0.0141 -0.0596 0.9975 0.0367 -0.0114 0.6390 0.0098 0.7691 0.0332
1311876804.8228 0.7569 0.0753 -0.6492 -0.0146 -0.0663 0.9971 0.0383 -0.0118 0.6502 0.0141 0.7596 0.0335
1311876804.8876 0.7421 0.0825 -0.6652 -0.0153 -0.0702 0.9965 0.0453 -0.0121 0.6666 0.0131 0.7453 0.0345
1311876804.9553 0.7261 0.0859 -0.6822 -0.0158 -0.0726 0.9962 0.0481 -0.0123 0.6838 0.0146 0.7296 0.0354
1311876805.0235 0.7115 0.0864 -0.6974 -0.0161 -0.0731 0.9961 0.0488 -0.0116 0.6989 0.0163 0.7150 0.0361
1311876805.0879 0.6854 0.0917 -0.7224 -0.0161 -0.0710 0.9957 0.0591 -0.0144 0.7247 0.0108 0.6890 0.0387
1311876805.1545 0.6696 0.0873 -0.7376 -0.0163 -0.0680 0.9961 0.0562 -0.0140 0.7396 0.0126 0.6729 0.0394
1311876805.2223 0.6523 0.0962 -0.7519 -0.0171 -0.0678 0.9953 0.0686 -0.0151 0.7549 0.0062 0.6558 0.0404
1311876805.2891 0.6345 0.1015 -0.7662 -0.0181 -0.0702 0.9948 0.0737 -0.0153 0.7697 0.0071 0.6383 0.0415
1311876805.3549 0.6140 0.1037 -0.7825 -0.0187 -0.0737 0.9945 0.0740 -0.0149 0.7859 0.0123 0.6183 0.0422
1311876805.4222 0.5945 0.1033 -0.7975 -0.0194 -0.0751 0.9945 0.0729 -0.0145 0.8006 0.0166 0.5990 0.0430
1311876805.4897 0.5746 0.1137 -0.8105 -0.0207 -0.0751 0.9934 0.0861 -0.0158 0.8150 0.0114 0.5793 0.0442
1311876805.5540 0.5415 0.1047 -0.8341 -0.0184 -0.0789 0.9942 0.0736 -0.0238 0.8370 0.0259 0.5466 0.0467
1311876805.6199 0.5309 0.1485 -0.8343 -0.0286 -0.0799 0.9889 0.1252 -0.0217 0.8437 0.0002 0.5369 0.0457
1311876805.6519 0.5243 0.0993 -0.8457 -0.0300 -0.0827 0.9944 0.0655 -0.0137 0.8475 0.0356 0.5296 0.0437
1311876805.6881 0.4950 0.1123 -0.8616 -0.0275 -0.0812 0.9933 0.0828 -0.0138 0.8651 0.0290 0.5007 0.0468
1311876805.7528 0.4888 0.1361 -0.8617 -0.0280 -0.0821 0.9906 0.1098 -0.0148 0.8685 0.0171 0.4953 0.0473
1311876805.8198 0.4580 0.1123 -0.8819 -0.0287 -0.0796 0.9932 0.0851 -0.0151 0.8854 0.0312 0.4638 0.0488
1311876805.8889 0.4377 0.1275 -0.8900 -0.0293 -0.0830 0.9914 0.1012 -0.0151 0.8953 0.0296 0.4445 0.0489
1311876805.9201 0.4104 0.1212 -0.9038 -0.0298 -0.0849 0.9919 0.0944 -0.0151 0.9079 0.0380 0.4174 0.0501
1311876805.9911 0.3958 0.1133 -0.9113 -0.0297 -0.0833 0.9927 0.0872 -0.0134 0.9146 0.0414 0.4023 0.0509
1311876806.0529 0.3705 0.1149 -0.9217 -0.0304 -0.0804 0.9926 0.0915 -0.0135 0.9254 0.0402 0.3770 0.0517
1311876806.1213 0.3392 0.1109 -0.9342 -0.0309 -0.0722 0.9932 0.0917 -0.0146 0.9380 0.0363 0.3448 0.0523
1311876806.1885 0.3232 0.1160 -0.9392 -0.0324 -0.0708 0.9926 0.0982 -0.0122 0.9437 0.0348 0.3290 0.0518
1311876806.2583 0.2939 0.1200 -0.9483 -0.0331 -0.0724 0.9920 0.1031 -0.0120 0.9531 0.0383 0.3002 0.0531
1311876806.3215 0.2653 0.1279 -0.9557 -0.0346 -0.0705 0.9911 0.1131 -0.0136 0.9616 0.0374 0.2719 0.0544
1311876806.3557 0.2399 0.1135 -0.9641 -0.0354 -0.0698 0.9926 0.0995 -0.0097 0.9683 0.0435 0.2460 0.0556
1311876806.3877 0.2252 0.0944 -0.9697 -0.0346 -0.0673 0.9944 0.0812 -0.0053 0.9720 0.0469 0.2302 0.0572
1311876806.4579 0.2120 0.0859 -0.9735 -0.0349 -0.0617 0.9953 0.0744 -0.0032 0.9753 0.0443 0.2163 0.0575
1311876806.4873 0.1836 0.0799 -0.9798 -0.0351 -0.0603 0.9957 0.0699 -0.0014 0.9812 0.0463 0.1876 0.0587
1311876806.5569 0.1675 0.0818 -0.9825 -0.0358 -0.0622 0.9954 0.0723 -0.0020 0.9839 0.0490 0.1718 0.0588
1311876806.5875 0.1437 0.0792 -0.9864 -0.0365 -0.0627 0.9955 0.0708 -0.0028 0.9876 0.0517 0.1480 0.0593
1311876806.6581 0.1265 0.0733 -0.9892 -0.0363 -0.0617 0.9959 0.0659 -0.0016 0.9900 0.0527 0.1305 0.0602
1311876806.7202 0.0998 0.0778 -0.9920 -0.0372 -0.0637 0.9954 0.0716 -0.0018 0.9930 0.0560 0.1043 0.0601
1311876806.7557 0.0740 0.0842 -0.9937 -0.0382 -0.0643 0.9948 0.0795 -0.0039 0.9952 0.0580 0.0791 0.0602
1311876806.8209 0.0580 0.0699 -0.9959 -0.0387 -0.0638 0.9958 0.0662 -0.0012 0.9963 0.0597 0.0622 0.0616
1311876806.8556 0.0304 0.0625 -0.9976 -0.0400 -0.0629 0.9962 0.0605 0.0004 0.9976 0.0610 0.0342 0.0619
1311876806.9206 0.0176 0.0670 -0.9976 -0.0407 -0.0626 0.9959 0.0657 0.0010 0.9979 0.0613 0.0217 0.0619
1311876806.9560 -0.0127 0.0782 -0.9969 -0.0417 -0.0630 0.9949 0.0789 -0.0009 0.9979 0.0638 -0.0077 0.0628
1311876807.0201 -0.0215 0.0811 -0.9965 -0.0422 -0.0638 0.9946 0.0824 -0.0019 0.9977 0.0653 -0.0163 0.0620
1311876807.0888 -0.0478 0.0814 -0.9955 -0.0432 -0.0655 0.9943 0.0845 -0.0020 0.9967 0.0693 -0.0422 0.0627
1311876807.1571 -0.0661 0.0764 -0.9949 -0.0442 -0.0649 0.9946 0.0807 -0.0004 0.9957 0.0699 -0.0608 0.0625
1311876807.2204 -0.0857 0.0780 -0.9933 -0.0457 -0.0663 0.9943 0.0838 -0.0022 0.9941 0.0730 -0.0800 0.0608
1311876807.2889 -0.1288 0.0709 -0.9891 -0.0466 -0.0639 0.9948 0.0797 -0.0009 0.9896 0.0735 -0.1236 0.0610
1311876807.3890 -0.1582 0.0741 -0.9846 -0.0481 -0.0632 0.9944 0.0850 -0.0015 0.9854 0.0757 -0.1526 0.0611
1311876807.4230 -0.1852 0.0683 -0.9803 -0.0488 -0.0627 0.9947 0.0812 -0.0011 0.9807 0.0764 -0.1799 0.0614
1311876807.4888 -0.1987 0.0667 -0.9778 -0.0492 -0.0628 0.9948 0.0806 -0.0011 0.9781 0.0774 -0.1934 0.0616
1311876807.5567 -0.2194 0.0703 -0.9731 -0.0505 -0.0634 0.9943 0.0861 -0.0021 0.9736 0.0806 -0.2137 0.0604
1311876807.5870 -0.2482 0.0700 -0.9662 -0.0514 -0.0650 0.9939 0.0887 -0.0012 0.9665 0.0848 -0.2422 0.0606
1311876807.6558 -0.2631 0.0619 -0.9628 -0.0520 -0.0653 0.9945 0.0818 0.0003 0.9625 0.0844 -0.2576 0.0614
1311876807.7228 -0.2870 0.0664 -0.9556 -0.0529 -0.0638 0.9941 0.0882 -0.0006 0.9558 0.0863 -0.2810 0.0610
1311876807.7881 -0.3101 0.0650 -0.9485 -0.0541 -0.0633 0.9940 0.0888 -0.0002 0.9486 0.0876 -0.3042 0.0603
1311876807.8231 -0.3342 0.0638 -0.9403 -0.0547 -0.0647 0.9938 0.0904 -0.0001 0.9403 0.0910 -0.3280 0.0601
1311876807.8551 -0.3473 0.0572 -0.9360 -0.0553 -0.0653 0.9942 0.0850 0.0011 0.9355 0.0906 -0.3415 0.0602
1311876807.9237 -0.3577 0.0579 -0.9321 -0.0555 -0.0658 0.9940 0.0870 0.0011 0.9315 0.0924 -0.3517 0.0597
1311876807.9552 -0.3819 0.0550 -0.9226 -0.0562 -0.0645 0.9942 0.0860 0.0019 0.9220 0.0924 -0.3761 0.0599
1311876807.9869 -0.3951 0.0559 -0.9170 -0.0568 -0.0650 0.9939 0.0887 0.0005 0.9164 0.0947 -0.3890 0.0594
1311876808.0229 -0.4069 0.0520 -0.9120 -0.0570 -0.0651 0.9942 0.0858 0.0015 0.9111 0.0943 -0.4011 0.0596
1311876808.0885 -0.4173 0.0549 -0.9071 -0.0573 -0.0639 0.9939 0.0896 0.0014 0.9065 0.0953 -0.4113 0.0591
1311876808.1563 -0.4399 0.0571 -0.8962 -0.0580 -0.0648 0.9934 0.0950 0.0002 0.8957 0.0999 -0.4333 0.0588
1311876808.2254 -0.4654 0.0479 -0.8838 -0.0587 -0.0667 0.9938 0.0889 0.0005 0.8826 0.1003 -0.4593 0.0587
1311876808.2880 -0.4701 0.0434 -0.8816 -0.0582 -0.0704 0.9938 0.0865 0.0022 0.8798 0.1028 -0.4641 0.0536
1311876808.3234 -0.4914 0.0464 -0.8697 -0.0600 -0.0698 0.9933 0.0924 0.0021 0.8681 0.1061 -0.4849 0.0521
1311876808.3886 -0.5015 0.0514 -0.8636 -0.0603 -0.0696 0.9926 0.0995 0.0021 0.8624 0.1100 -0.4942 0.0518
1311876808.4573 -0.5203 0.0454 -0.8528 -0.0610 -0.0677 0.9932 0.0943 0.0033 0.8513 0.1068 -0.5137 0.0513
1311876808.4872 -0.5458 0.0377 -0.8370 -0.0615 -0.0681 0.9937 0.0892 0.0032 0.8351 0.1057 -0.5398 0.0512
1311876808.5561 -0.5516 0.0396 -0.8332 -0.0615 -0.0675 0.9935 0.0919 0.0034 0.8314 0.1070 -0.5453 0.0502
1311876808.6224 -0.5763 0.0513 -0.8156 -0.0615 -0.0689 0.9914 0.1111 0.0020 0.8143 0.1202 -0.5678 0.0500
1311876808.6925 -0.6178 0.0569 -0.7843 -0.0609 -0.0705 0.9894 0.1273 -0.0007 0.7832 0.1339 -0.6072 0.0587
1311876808.7229 -0.6386 0.0460 -0.7682 -0.0630 -0.0668 0.9911 0.1149 -0.0016 0.7667 0.1247 -0.6298 0.0580
1311876808.7934 -0.6600 0.0457 -0.7499 -0.0635 -0.0714 0.9898 0.1232 -0.0025 0.7478 0.1349 -0.6500 0.0585
1311876808.8570 -0.6781 0.0458 -0.7335 -0.0645 -0.0699 0.9895 0.1265 -0.0036 0.7316 0.1370 -0.6678 0.0579
1311876808.9250 -0.6947 0.0470 -0.7178 -0.0650 -0.0529 0.9918 0.1162 -0.0014 0.7173 0.1187 -0.6865 0.0588
1311876808.9552 -0.7166 0.0493 -0.6957 -0.0662 -0.0549 0.9904 0.1267 -0.0008 0.6953 0.1290 -0.7070 0.0594
1311876809.0254 -0.7247 0.0546 -0.6869 -0.0675 -0.0593 0.9882 0.1411 -0.0032 0.6865 0.1430 -0.7129 0.0594
1311876809.0553 -0.7371 0.0388 -0.6747 -0.0674 -0.0616 0.9903 0.1243 0.0015 0.6730 0.1332 -0.7276 0.0588
1311876809.0933 -0.7473 0.0200 -0.6642 -0.0674 -0.0669 0.9922 0.1050 0.0016 0.6612 0.1229 -0.7401 0.0588
1311876809.1234 -0.7524 0.0079 -0.6587 -0.0673 -0.0669 0.9938 0.0883 0.0059 0.6553 0.1105 -0.7472 0.0593
1311876809.1933 -0.7615 0.0178 -0.6480 -0.0680 -0.0696 0.9916 0.1091 0.0017 0.6445 0.1282 -0.7538 0.0586
1311876809.2573 -0.7684 0.0092 -0.6399 -0.0710 -0.0695 0.9928 0.0978 0.0030 0.6362 0.1196 -0.7622 0.0593
1311876809.2929 -0.7669 0.0116 -0.6417 -0.0713 -0.0702 0.9923 0.1019 0.0034 0.6380 0.1231 -0.7601 0.0587
1311876809.3230 -0.7658 0.0132 -0.6429 -0.0718 -0.0722 0.9917 0.1064 0.0026 0.6390 0.1279 -0.7585 0.0586
1311876809.3934 -0.7638 0.0129 -0.6454 -0.0723 -0.0732 0.9916 0.1065 0.0027 0.6413 0.1286 -0.7564 0.0583
1311876809.4553 -0.7582 0.0116 -0.6519 -0.0720 -0.0742 0.9918 0.1041 0.0025 0.6478 0.1273 -0.7511 0.0574
1311876809.4912 -0.7579 0.0084 -0.6523 -0.0726 -0.0739 0.9924 0.0987 0.0039 0.6482 0.1230 -0.7515 0.0572
1311876809.5560 -0.7578 0.0188 -0.6522 -0.0730 -0.0709 0.9913 0.1109 0.0010 0.6486 0.1302 -0.7499 0.0571
1311876809.6246 -0.7531 0.0109 -0.6578 -0.0741 -0.0699 0.9929 0.0964 0.0039 0.6541 0.1185 -0.7470 0.0564
1311876809.6931 -0.7497 0.0101 -0.6617 -0.0743 -0.0717 0.9928 0.0963 0.0040 0.6579 0.1196 -0.7436 0.0562
1311876809.7931 -0.7396 0.0127 -0.6729 -0.0746 -0.0724 0.9925 0.0983 0.0038 0.6691 0.1214 -0.7332 0.0557
1311876809.8610 -0.7342 0.0143 -0.6788 -0.0760 -0.0713 0.9926 0.0980 0.0034 0.6752 0.1204 -0.7277 0.0557
1311876809.8920 -0.7268 0.0134 -0.6867 -0.0771 -0.0710 0.9930 0.0945 0.0039 0.6832 0.1174 -0.7208 0.0554
1311876809.9607 -0.7217 0.0157 -0.6920 -0.0773 -0.0706 0.9929 0.0962 0.0036 0.6886 0.1183 -0.7155 0.0548
1311876809.9908 -0.7126 0.0145 -0.7014 -0.0780 -0.0720 0.9930 0.0936 0.0037 0.6979 0.1172 -0.7066 0.0542
1311876810.0608 -0.7075 0.0060 -0.7066 -0.0784 -0.0727 0.9940 0.0812 0.0054 0.7029 0.1088 -0.7029 0.0542
1311876810.1253 -0.7000 0.0132 -0.7140 -0.0796 -0.0714 0.9935 0.0883 0.0041 0.7106 0.1128 -0.6945 0.0535
1311876810.1931 -0.6912 0.0159 -0.7225 -0.0802 -0.0692 0.9937 0.0880 0.0040 0.7193 0.1108 -0.6858 0.0530
1311876810.2595 -0.6840 0.0152 -0.7293 -0.0816 -0.0685 0.9940 0.0850 0.0053 0.7263 0.1081 -0.6789 0.0529
1311876810.3230 -0.6739 0.0190 -0.7386 -0.0824 -0.0676 0.9939 0.0872 0.0044 0.7357 0.1086 -0.6685 0.0524
1311876810.3909 -0.6638 0.0184 -0.7476 -0.0830 -0.0686 0.9940 0.0853 0.0041 0.7447 0.1079 -0.6586 0.0519
1311876810.4612 -0.6463 0.0158 -0.7629 -0.0832 -0.0718 0.9941 0.0813 0.0041 0.7597 0.1073 -0.6414 0.0516
1311876810.5250 -0.6417 0.0144 -0.7668 -0.0837 -0.0713 0.9944 0.0784 0.0045 0.7636 0.1050 -0.6371 0.0514
1311876810.5593 -0.6323 0.0134 -0.7746 -0.0847 -0.0697 0.9948 0.0741 0.0047 0.7715 0.1009 -0.6281 0.0511
1311876810.6251 -0.6286 0.0148 -0.7776 -0.0849 -0.0682 0.9949 0.0741 0.0047 0.7747 0.0996 -0.6244 0.0509
1311876810.6602 -0.6201 0.0195 -0.7843 -0.0857 -0.0670 0.9947 0.0777 0.0032 0.7817 0.1008 -0.6155 0.0505
1311876810.7242 -0.6084 0.0165 -0.7934 -0.0862 -0.0665 0.9952 0.0717 0.0035 0.7908 0.0963 -0.6044 0.0501
1311876810.7924 -0.6028 0.0107 -0.7978 -0.0866 -0.0674 0.9957 0.0643 0.0053 0.7951 0.0925 -0.5994 0.0499
1311876810.8228 -0.5904 -0.0045 -0.8071 -0.0876 -0.0700 0.9965 0.0457 0.0070 0.8040 0.0835 -0.5887 0.0495
1311876810.8602 -0.5854 -0.0064 -0.8107 -0.0881 -0.0626 0.9973 0.0373 0.0096 0.8083 0.0726 -0.5842 0.0489
1311876810.9239 -0.5829 -0.0069 -0.8125 -0.0892 -0.0647 0.9972 0.0379 0.0093 0.8100 0.0747 -0.5817 0.0489
1311876810.9599 -0.5717 0.0025 -0.8205 -0.0891 -0.0601 0.9972 0.0449 0.0085 0.8183 0.0750 -0.5699 0.0483
1311876811.0247 -0.5567 0.0050 -0.8307 -0.0873 -0.0576 0.9973 0.0446 0.0081 0.8287 0.0727 -0.5550 0.0479
1311876811.0589 -0.5487 0.0084 -0.8360 -0.0879 -0.0558 0.9974 0.0466 0.0077 0.8342 0.0722 -0.5467 0.0474
1311876811.0911 -0.5383 0.0129 -0.8427 -0.0883 -0.0541 0.9973 0.0498 0.0079 0.8410 0.0724 -0.5361 0.0471
1311876811.1600 -0.5332 0.0130 -0.8459 -0.0886 -0.0538 0.9973 0.0492 0.0078 0.8443 0.0718 -0.5311 0.0463
1311876811.1923 -0.5182 0.0155 -0.8551 -0.0888 -0.0541 0.9972 0.0509 0.0078 0.8535 0.0726 -0.5159 0.0461
1311876811.2605 -0.5131 0.0174 -0.8582 -0.0896 -0.0535 0.9972 0.0522 0.0062 0.8567 0.0727 -0.5107 0.0452
1311876811.3598 -0.4967 0.0167 -0.8677 -0.0901 -0.0502 0.9976 0.0480 0.0055 0.8664 0.0674 -0.4947 0.0453
1311876811.3916 -0.4786 0.0095 -0.8780 -0.0899 -0.0557 0.9976 0.0412 0.0080 0.8763 0.0686 -0.4769 0.0441
1311876811.4599 -0.4745 0.0180 -0.8801 -0.0901 -0.0558 0.9972 0.0504 0.0070 0.8785 0.0730 -0.4722 0.0435
1311876811.5280 -0.4735 0.0168 -0.8806 -0.0906 -0.0572 0.9971 0.0498 0.0071 0.8789 0.0740 -0.4712 0.0430
1311876811.5921 -0.4750 0.0195 -0.8798 -0.0916 -0.0565 0.9970 0.0526 0.0074 0.8782 0.0747 -0.4725 0.0427
1311876811.6600 -0.4760 0.0212 -0.8792 -0.0922 -0.0554 0.9970 0.0541 0.0071 0.8777 0.0745 -0.4734 0.0425
1311876811.7279 -0.4781 0.0131 -0.8782 -0.0930 -0.0571 0.9973 0.0460 0.0087 0.8765 0.0722 -0.4761 0.0425
1311876811.7921 -0.4772 0.0136 -0.8787 -0.0934 -0.0592 0.9971 0.0476 0.0080 0.8768 0.0747 -0.4750 0.0423
1311876811.8605 -0.4725 0.0084 -0.8813 -0.0947 -0.0589 0.9974 0.0411 0.0089 0.8794 0.0713 -0.4708 0.0420
1311876811.9287 -0.4679 0.0118 -0.8837 -0.0952 -0.0575 0.9974 0.0438 0.0086 0.8819 0.0713 -0.4660 0.0414
1311876811.9907 -0.4631 0.0111 -0.8862 -0.0961 -0.0571 0.9975 0.0423 0.0087 0.8845 0.0702 -0.4613 0.0413
1311876812.0268 -0.4573 0.0113 -0.8892 -0.0969 -0.0570 0.9975 0.0420 0.0089 0.8875 0.0699 -0.4555 0.0407
1311876812.0919 -0.4530 0.0067 -0.8915 -0.0974 -0.0573 0.9977 0.0366 0.0098 0.8897 0.0677 -0.4515 0.0404
1311876812.1613 -0.4438 0.0065 -0.8961 -0.0982 -0.0583 0.9976 0.0361 0.0096 0.8942 0.0682 -0.4424 0.0401
1311876812.2293 -0.4292 0.0089 -0.9032 -0.0989 -0.0568 0.9977 0.0368 0.0091 0.9014 0.0671 -0.4277 0.0393
1311876812.3291 -0.4059 0.0072 -0.9139 -0.0995 -0.0511 0.9982 0.0306 0.0091 0.9125 0.0591 -0.4048 0.0392
1311876812.3971 -0.3867 0.0162 -0.9221 -0.1000 -0.0486 0.9981 0.0379 0.0087 0.9209 0.0595 -0.3852 0.0389
1311876812.4617 -0.3602 0.0185 -0.9327 -0.1025 -0.0475 0.9981 0.0381 0.0080 0.9317 0.0580 -0.3587 0.0373
1311876812.5297 -0.3243 0.0173 -0.9458 -0.1028 -0.0486 0.9982 0.0349 0.0080 0.9447 0.0572 -0.3229 0.0372
1311876812.5591 -0.3118 0.0120 -0.9501 -0.1033 -0.0492 0.9984 0.0288 0.0093 0.9489 0.0557 -0.3107 0.0371
1311876812.6295 -0.2987 0.0139 -0.9543 -0.1041 -0.0481 0.9984 0.0296 0.0085 0.9531 0.0547 -0.2975 0.0364
1311876812.6596 -0.2744 0.0159 -0.9615 -0.1042 -0.0462 0.9985 0.0297 0.0085 0.9605 0.0526 -0.2732 0.0364
1311876812.6982 -0.2482 0.0210 -0.9685 -0.1050 -0.0433 0.9985 0.0327 0.0068 0.9678 0.0500 -0.2469 0.0354
1311876812.7973 -0.2371 0.0179 -0.9713 -0.1057 -0.0421 0.9987 0.0287 0.0075 0.9706 0.0477 -0.2360 0.0356
1311876812.8613 -0.2109 0.0162 -0.9774 -0.1075 -0.0418 0.9988 0.0256 0.0078 0.9766 0.0463 -0.2100 0.0351
1311876812.9292 -0.1718 0.0212 -0.9849 -0.1081 -0.0406 0.9988 0.0286 0.0077 0.9843 0.0449 -0.1708 0.0349
1311876812.9972 -0.1587 0.0211 -0.9871 -0.1090 -0.0386 0.9989 0.0276 0.0065 0.9866 0.0425 -0.1577 0.0347
1311876813.0972 -0.1222 0.0232 -0.9922 -0.1091 -0.0329 0.9991 0.0274 0.0066 0.9920 0.0360 -0.1213 0.0347
1311876813.1617 -0.0840 0.0243 -0.9962 -0.1094 -0.0269 0.9993 0.0266 0.0065 0.9961 0.0291 -0.0833 0.0347
1311876813.2296 -0.0547 0.0045 -0.9985 -0.1109 -0.0210 0.9998 0.0056 0.0112 0.9983 0.0212 -0.0546 0.0337
1311876813.2628 -0.0446 -0.0182 -0.9988 -0.1114 -0.0207 0.9996 -0.0173 0.0138 0.9988 0.0199 -0.0450 0.0349
1311876813.3306 -0.0196 -0.0097 -0.9998 -0.1133 -0.0164 0.9998 -0.0093 0.0139 0.9997 0.0162 -0.0197 0.0339
1311876813.3990 -0.0022 -0.0033 -1.0000 -0.1146 -0.0160 0.9999 -0.0033 0.0128 0.9999 0.0160 -0.0023 0.0341
1311876813.4618 0.0361 -0.0005 -0.9993 -0.1158 -0.0059 1.0000 -0.0007 0.0124 0.9993 0.0059 0.0361 0.0342
1311876813.4976 0.0460 -0.0119 -0.9989 -0.1164 -0.0053 0.9999 -0.0122 0.0143 0.9989 0.0058 0.0459 0.0345
1311876813.5619 0.0734 -0.0036 -0.9973 -0.1179 -0.0036 1.0000 -0.0039 0.0133 0.9973 0.0038 0.0734 0.0343
1311876813.6300 0.0813 -0.0122 -0.9966 -0.1183 -0.0021 0.9999 -0.0124 0.0139 0.9967 0.0031 0.0813 0.0353
1311876813.6979 0.1083 -0.0097 -0.9941 -0.1194 0.0003 1.0000 -0.0097 0.0136 0.9941 0.0008 0.1082 0.0355
1311876813.7660 0.1335 -0.0095 -0.9910 -0.1211 0.0039 1.0000 -0.0091 0.0134 0.9910 -0.0027 0.1335 0.0358
1311876813.8298 0.1700 -0.0141 -0.9853 -0.1222 0.0084 0.9999 -0.0129 0.0134 0.9854 -0.0061 0.1701 0.0360
1311876813.8980 0.1795 -0.0215 -0.9835 -0.1225 0.0097 0.9998 -0.0201 0.0143 0.9837 -0.0059 0.1797 0.0371
1311876813.9978 0.2190 -0.0551 -0.9742 -0.1229 0.0197 0.9984 -0.0521 0.0144 0.9755 -0.0078 0.2198 0.0372
1311876814.0981 0.2548 -0.0358 -0.9663 -0.1241 0.0217 0.9993 -0.0313 0.0134 0.9668 -0.0130 0.2554 0.0376
1311876814.1660 0.2770 -0.0402 -0.9600 -0.1259 0.0223 0.9991 -0.0354 0.0166 0.9606 -0.0116 0.2777 0.0368
1311876814.2310 0.3078 -0.0385 -0.9507 -0.1271 0.0281 0.9991 -0.0313 0.0163 0.9511 -0.0171 0.3086 0.0375
1311876814.2636 0.3213 -0.0347 -0.9463 -0.1288 0.0329 0.9991 -0.0255 0.0166 0.9464 -0.0229 0.3221 0.0369
1311876814.2973 0.3233 -0.0342 -0.9457 -0.1289 0.0329 0.9991 -0.0249 0.0158 0.9457 -0.0230 0.3242 0.0379
1311876814.3982 0.3440 -0.0399 -0.9381 -0.1299 0.0369 0.9989 -0.0290 0.0161 0.9382 -0.0247 0.3451 0.0385
1311876814.4668 0.3567 -0.0521 -0.9328 -0.1315 0.0372 0.9984 -0.0416 0.0200 0.9335 -0.0198 0.3581 0.0401
1311876814.4960 0.3729 -0.0587 -0.9260 -0.1331 0.0390 0.9981 -0.0476 0.0216 0.9271 -0.0183 0.3744 0.0399
1311876814.5668 0.3775 -0.0584 -0.9242 -0.1338 0.0394 0.9981 -0.0469 0.0210 0.9252 -0.0187 0.3791 0.0408
1311876814.6304 0.3805 -0.0580 -0.9230 -0.1341 0.0410 0.9981 -0.0458 0.0201 0.9239 -0.0204 0.3822 0.0410
1311876814.6981 0.3796 -0.0586 -0.9233 -0.1351 0.0440 0.9980 -0.0453 0.0201 0.9241 -0.0235 0.3814 0.0422
1311876814.7665 0.3783 -0.0587 -0.9238 -0.1356 0.0449 0.9980 -0.0450 0.0205 0.9246 -0.0245 0.3802 0.0426
1311876814.8340 0.3728 -0.0544 -0.9263 -0.1361 0.0449 0.9982 -0.0406 0.0203 0.9268 -0.0265 0.3746 0.0429
1311876814.9030 0.3611 -0.0561 -0.9308 -0.1363 0.0386 0.9982 -0.0451 0.0202 0.9317 -0.0196 0.3626 0.0429
1311876814.9349 0.3539 -0.0580 -0.9335 -0.1369 0.0364 0.9982 -0.0482 0.0197 0.9346 -0.0169 0.3554 0.0433
1311876814.9984 0.3475 -0.0600 -0.9357 -0.1376 0.0354 0.9981 -0.0508 0.0203 0.9370 -0.0154 0.3490 0.0435
1311876815.0660 0.3277 -0.0577 -0.9430 -0.1392 0.0343 0.9982 -0.0491 0.0195 0.9442 -0.0163 0.3291 0.0444
1311876815.1340 0.3152 -0.0632 -0.9469 -0.1396 0.0337 0.9979 -0.0554 0.0208 0.9484 -0.0144 0.3167 0.0448
1311876815.1981 0.2892 -0.0576 -0.9555 -0.1405 0.0322 0.9982 -0.0504 0.0203 0.9567 -0.0162 0.2905 0.0455
1311876815.2663 0.2563 -0.0551 -0.9650 -0.1422 0.0280 0.9984 -0.0495 0.0200 0.9662 -0.0143 0.2575 0.0460
1311876815.3661 0.2257 -0.0555 -0.9726 -0.1443 0.0226 0.9984 -0.0517 0.0192 0.9739 -0.0103 0.2266 0.0461
1311876815.4344 0.2001 -0.0582 -0.9780 -0.1452 0.0199 0.9983 -0.0554 0.0199 0.9796 -0.0084 0.2009 0.0464
1311876815.4981 0.1718 -0.0543 -0.9836 -0.1462 0.0170 0.9985 -0.0521 0.0198 0.9850 -0.0077 0.1725 0.0476
1311876815.5665 0.1476 -0.0517 -0.9877 -0.1471 0.0136 0.9986 -0.0503 0.0194 0.9889 -0.0060 0.1481 0.0477
1311876815.6343 0.1212 -0.0518 -0.9913 -0.1477 0.0082 0.9987 -0.0512 0.0196 0.9926 -0.0019 0.1214 0.0486
1311876815.7343 0.1017 -0.0554 -0.9933 -0.1486 0.0038 0.9985 -0.0553 0.0192 0.9948 0.0019 0.1018 0.0482
1311876815.7980 0.0637 -0.0618 -0.9961 -0.1497 -0.0028 0.9981 -0.0621 0.0202 0.9980 0.0067 0.0634 0.0483
1311876815.8657 0.0358 -0.0586 -0.9976 -0.1501 -0.0066 0.9982 -0.0589 0.0199 0.9993 0.0087 0.0354 0.0484
1311876815.9336 0.0229 -0.0571 -0.9981 -0.1502 -0.0087 0.9983 -0.0573 0.0197 0.9997 0.0100 0.0224 0.0486
1311876816.0335 -0.0168 -0.0571 -0.9982 -0.1511 -0.0156 0.9983 -0.0569 0.0198 0.9997 0.0146 -0.0176 0.0484
1311876816.1021 -0.0562 -0.0551 -0.9969 -0.1518 -0.0213 0.9983 -0.0540 0.0194 0.9982 0.0182 -0.0573 0.0484
1311876816.1656 -0.0844 -0.0541 -0.9950 -0.1521 -0.0253 0.9983 -0.0522 0.0194 0.9961 0.0207 -0.0857 0.0490
1311876816.2013 -0.0969 -0.0531 -0.9939 -0.1524 -0.0275 0.9983 -0.0506 0.0191 0.9949 0.0225 -0.0982 0.0489
1311876816.2655 -0.1258 -0.0573 -0.9904 -0.1528 -0.0328 0.9980 -0.0536 0.0199 0.9915 0.0258 -0.1274 0.0498
1311876816.3658 -0.1476 -0.0549 -0.9875 -0.1539 -0.0368 0.9981 -0.0500 0.0194 0.9884 0.0290 -0.1494 0.0490
1311876816.4000 -0.1743 -0.0587 -0.9829 -0.1544 -0.0413 0.9978 -0.0523 0.0200 0.9838 0.0314 -0.1763 0.0491
1311876816.4650 -0.1857 -0.0595 -0.9808 -0.1547 -0.0432 0.9977 -0.0523 0.0204 0.9817 0.0327 -0.1879 0.0489
1311876816.5332 -0.2105 -0.0608 -0.9757 -0.1554 -0.0472 0.9975 -0.0520 0.0205 0.9765 0.0351 -0.2128 0.0486
1311876816.6008 -0.2348 -0.0619 -0.9701 -0.1558 -0.0519 0.9973 -0.0511 0.0207 0.9707 0.0383 -0.2373 0.0482
1311876816.6652 -0.2578 -0.0645 -0.9640 -0.1566 -0.0556 0.9971 -0.0519 0.0211 0.9646 0.0402 -0.2607 0.0479
1311876816.7331 -0.2805 -0.0642 -0.9577 -0.1571 -0.0597 0.9970 -0.0493 0.0208 0.9580 0.0433 -0.2835 0.0473
1311876816.8011 -0.3168 -0.0661 -0.9462 -0.1577 -0.0648 0.9967 -0.0479 0.0211 0.9463 0.0462 -0.3201 0.0467
1311876816.8650 -0.3420 -0.0677 -0.9373 -0.1580 -0.0691 0.9965 -0.0468 0.0212 0.9372 0.0488 -0.3454 0.0466
1311876816.9333 -0.3529 -0.0671 -0.9332 -0.1582 -0.0706 0.9965 -0.0449 0.0209 0.9330 0.0501 -0.3564 0.0463
1311876817.0024 -0.3759 -0.0685 -0.9241 -0.1585 -0.0745 0.9963 -0.0435 0.0209 0.9237 0.0525 -0.3796 0.0459
1311876817.1013 -0.4207 -0.0741 -0.9042 -0.1597 -0.0818 0.9957 -0.0436 0.0214 0.9035 0.0556 -0.4249 0.0449
1311876817.1652 -0.4437 -0.0752 -0.8930 -0.1599 -0.0855 0.9955 -0.0413 0.0213 0.8921 0.0580 -0.4481 0.0448
1311876817.2333 -0.4656 -0.0755 -0.8817 -0.1601 -0.0889 0.9953 -0.0383 0.0212 0.8805 0.0605 -0.4702 0.0446
1311876817.3017 -0.4883 -0.0744 -0.8695 -0.1601 -0.0927 0.9951 -0.0331 0.0204 0.8677 0.0645 -0.4929 0.0445
1311876817.4010 -0.5211 -0.0749 -0.8502 -0.1601 -0.0974 0.9949 -0.0280 0.0202 0.8479 0.0682 -0.5258 0.0442
1311876817.4690 -0.5316 -0.0743 -0.8437 -0.1600 -0.0990 0.9948 -0.0253 0.0199 0.8412 0.0701 -0.5362 0.0441
1311876817.5668 -0.5730 -0.0759 -0.8160 -0.1602 -0.1059 0.9942 -0.0181 0.0188 0.8127 0.0760 -0.5778 0.0435
1311876817.5996 -0.5839 -0.0779 -0.8081 -0.1605 -0.1072 0.9941 -0.0183 0.0193 0.8047 0.0759 -0.5887 0.0436
1311876817.6691 -0.6014 -0.0789 -0.7950 -0.1607 -0.1101 0.9938 -0.0153 0.0191 0.7913 0.0783 -0.6064 0.0429
1311876817.7692 -0.6211 -0.0826 -0.7794 -0.1608 -0.1145 0.9933 -0.0141 0.0192 0.7753 0.0805 -0.6264 0.0425
1311876817.8685 -0.6491 -0.0865 -0.7558 -0.1612 -0.1195 0.9928 -0.0110 0.0194 0.7513 0.0832 -0.6547 0.0421
1311876817.9329 -0.6780 -0.0924 -0.7292 -0.1615 -0.1255 0.9921 -0.0091 0.0200 0.7243 0.0853 -0.6842 0.0417
1311876818.0333 -0.6962 -0.0927 -0.7118 -0.1616 -0.1286 0.9917 -0.0033 0.0194 0.7062 0.0893 -0.7024 0.0417
1311876818.0667 -0.7226 -0.0942 -0.6848 -0.1612 -0.1334 0.9911 0.0044 0.0189 0.6783 0.0945 -0.7287 0.0414
1311876818.1333 -0.7307 -0.0940 -0.6762 -0.1612 -0.1348 0.9908 0.0079 0.0186 0.6693 0.0969 -0.7367 0.0413
1311876818.1994 -0.7461 -0.0971 -0.6587 -0.1613 -0.1377 0.9904 0.0099 0.0187 0.6514 0.0981 -0.7523 0.0408
1311876818.3015 -0.7627 -0.0984 -0.6392 -0.1615 -0.1408 0.9899 0.0157 0.0183 0.6312 0.1019 -0.7689 0.0408
1311876818.3693 -0.7861 -0.1013 -0.6098 -0.1617 -0.1444 0.9893 0.0218 0.0181 0.6010 0.1052 -0.7923 0.0407
1311876818.4336 -0.8015 -0.1045 -0.5888 -0.1621 -0.1466 0.9889 0.0239 0.0186 0.5797 0.1055 -0.8079 0.0405
1311876818.5013 -0.8165 -0.1066 -0.5674 -0.1625 -0.1487 0.9885 0.0283 0.0185 0.5578 0.1075 -0.8230 0.0401
1311876818.5668 -0.8233 -0.1061 -0.5577 -0.1623 -0.1492 0.9883 0.0322 0.0178 0.5477 0.1097 -0.8294 0.0396
1311876818.6008 -0.8380 -0.1111 -0.5343 -0.1622 -0.1513 0.9880 0.0318 0.0184 0.5243 0.1074 -0.8447 0.0390
1311876818.6363 -0.8478 -0.1124 -0.5182 -0.1628 -0.1524 0.9877 0.0352 0.0175 0.5079 0.1088 -0.8545 0.0392
1311876818.6668 -0.8551 -0.1146 -0.5056 -0.1633 -0.1531 0.9876 0.0351 0.0173 0.4953 0.1075 -0.8620 0.0391
1311876818.7378 -0.8608 -0.1171 -0.4953 -0.1632 -0.1530 0.9877 0.0324 0.0178 0.4854 0.1037 -0.8681 0.0385
1311876818.7996 -0.8807 -0.1179 -0.4587 -0.1633 -0.1547 0.9870 0.0432 0.0178 0.4477 0.1090 -0.8875 0.0383
1311876818.8693 -0.8922 -0.1199 -0.4355 -0.1643 -0.1568 0.9864 0.0496 0.0178 0.4236 0.1125 -0.8988 0.0374
1311876818.9386 -0.9026 -0.1238 -0.4123 -0.1653 -0.1590 0.9859 0.0520 0.0190 0.4001 0.1125 -0.9096 0.0366
1311876819.0007 -0.9129 -0.1240 -0.3889 -0.1661 -0.1602 0.9851 0.0622 0.0181 0.3754 0.1191 -0.9192 0.0356
1311876819.0675 -0.9223 -0.1246 -0.3657 -0.1665 -0.1597 0.9849 0.0670 0.0170 0.3518 0.1202 -0.9283 0.0349
1311876819.1706 -0.9353 -0.1286 -0.3296 -0.1666 -0.1610 0.9842 0.0730 0.0170 0.3150 0.1214 -0.9413 0.0347
1311876819.1994 -0.9407 -0.1272 -0.3144 -0.1673 -0.1609 0.9834 0.0834 0.0148 0.2986 0.1291 -0.9456 0.0343
1311876819.2356 -0.9447 -0.1316 -0.3005 -0.1683 -0.1606 0.9843 0.0737 0.0179 0.2861 0.1178 -0.9509 0.0343
1311876819.3026 -0.9521 -0.1316 -0.2762 -0.1683 -0.1608 0.9832 0.0860 0.0179 0.2602 0.1263 -0.9573 0.0343
1311876819.3353 -0.9544 -0.1366 -0.2654 -0.1684 -0.1618 0.9839 0.0754 0.0195 0.2508 0.1149 -0.9612 0.0341
1311876819.4019 -0.9572 -0.1355 -0.2558 -0.1680 -0.1609 0.9837 0.0806 0.0191 0.2407 0.1183 -0.9634 0.0331
1311876819.4690 -0.9628 -0.1366 -0.2332 -0.1673 -0.1608 0.9831 0.0879 0.0188 0.2172 0.1222 -0.9684 0.0311
1311876819.5386 -0.9711 -0.1396 -0.1935 -0.1673 -0.1591 0.9832 0.0893 0.0188 0.1778 0.1175 -0.9770 0.0310
1311876819.6020 -0.9757 -0.1422 -0.1668 -0.1677 -0.1591 0.9829 0.0929 0.0182 0.1507 0.1171 -0.9816 0.0306
1311876819.6705 -0.9795 -0.1452 -0.1397 -0.1682 -0.1598 0.9821 0.1001 0.0178 0.1227 0.1204 -0.9851 0.0298
1311876819.7386 -0.9820 -0.1479 -0.1173 -0.1683 -0.1604 0.9814 0.1052 0.0178 0.0995 0.1221 -0.9875 0.0294
1311876819.7679 -0.9839 -0.1466 -0.1024 -0.1689 -0.1578 0.9811 0.1122 0.0169 0.0840 0.1266 -0.9884 0.0285
1311876819.8385 -0.9844 -0.1480 -0.0949 -0.1698 -0.1579 0.9815 0.1081 0.0187 0.0772 0.1214 -0.9896 0.0281
1311876819.9052 -0.9848 -0.1500 -0.0878 -0.1689 -0.1595 0.9806 0.1141 0.0167 0.0689 0.1263 -0.9896 0.0275
1311876819.9365 -0.9847 -0.1561 -0.0772 -0.1690 -0.1634 0.9815 0.0997 0.0191 0.0602 0.1108 -0.9920 0.0262
1311876820.0064 -0.9853 -0.1579 -0.0659 -0.1687 -0.1641 0.9812 0.1021 0.0189 0.0485 0.1114 -0.9926 0.0254
1311876820.0710 -0.9860 -0.1559 -0.0595 -0.1685 -0.1615 0.9813 0.1052 0.0187 0.0420 0.1133 -0.9927 0.0245
1311876820.1705 -0.9861 -0.1570 -0.0538 -0.1689 -0.1621 0.9806 0.1101 0.0186 0.0354 0.1172 -0.9925 0.0235
1311876820.2370 -0.9856 -0.1600 -0.0549 -0.1689 -0.1653 0.9800 0.1109 0.0180 0.0361 0.1184 -0.9923 0.0227
1311876820.3067 -0.9847 -0.1636 -0.0600 -0.1686 -0.1693 0.9797 0.1072 0.0183 0.0412 0.1157 -0.9924 0.0217
1311876820.3677 -0.9846 -0.1619 -0.0660 -0.1687 -0.1682 0.9802 0.1047 0.0182 0.0477 0.1141 -0.9923 0.0210
1311876820.4382 -0.9849 -0.1590 -0.0683 -0.1689 -0.1652 0.9814 0.0975 0.0193 0.0515 0.1073 -0.9929 0.0204
1311876820.5051 -0.9852 -0.1533 -0.0767 -0.1693 -0.1611 0.9810 0.1080 0.0174 0.0587 0.1188 -0.9912 0.0197
1311876820.5370 -0.9847 -0.1507 -0.0878 -0.1702 -0.1592 0.9823 0.0991 0.0187 0.0713 0.1116 -0.9912 0.0189
1311876820.6386 -0.9829 -0.1502 -0.1067 -0.1696 -0.1608 0.9820 0.0990 0.0171 0.0899 0.1145 -0.9893 0.0178
1311876820.7049 -0.9806 -0.1542 -0.1213 -0.1705 -0.1651 0.9826 0.0849 0.0173 0.1061 0.1033 -0.9890 0.0164
1311876820.7683 -0.9781 -0.1521 -0.1423 -0.1702 -0.1646 0.9831 0.0806 0.0175 0.1276 0.1023 -0.9865 0.0153
1311876820.8378 -0.9743 -0.1481 -0.1695 -0.1703 -0.1627 0.9838 0.0759 0.0188 0.1555 0.1016 -0.9826 0.0141
1311876820.8686 -0.9732 -0.1464 -0.1774 -0.1702 -0.1627 0.9833 0.0814 0.0178 0.1625 0.1081 -0.9808 0.0136
1311876820.9374 -0.9717 -0.1468 -0.1851 -0.1706 -0.1638 0.9832 0.0801 0.0173 0.1703 0.1082 -0.9794 0.0131
1311876821.0063 -0.9679 -0.1459 -0.2048 -0.1708 -0.1641 0.9836 0.0748 0.0171 0.1905 0.1060 -0.9759 0.0120
1311876821.0354 -0.9634 -0.1459 -0.2249 -0.1720 -0.1650 0.9839 0.0685 0.0167 0.2113 0.1031 -0.9720 0.0113
1311876821.0725 -0.9605 -0.1445 -0.2380 -0.1722 -0.1647 0.9841 0.0672 0.0166 0.2245 0.1037 -0.9689 0.0106
1311876821.1378 -0.9577 -0.1431 -0.2495 -0.1724 -0.1650 0.9839 0.0689 0.0153 0.2356 0.1072 -0.9659 0.0101
1311876821.2050 -0.9492 -0.1423 -0.2806 -0.1738 -0.1668 0.9838 0.0653 0.0143 0.2668 0.1087 -0.9576 0.0081
1311876821.2739 -0.9442 -0.1486 -0.2939 -0.1742 -0.1672 0.9851 0.0391 0.0186 0.2837 0.0860 -0.9550 0.0081
1311876821.3711 -0.9353 -0.1469 -0.3218 -0.1743 -0.1650 0.9858 0.0298 0.0186 0.3129 0.0810 -0.9463 0.0077
1311876821.4036 -0.9315 -0.1499 -0.3315 -0.1749 -0.1653 0.9861 0.0186 0.0196 0.3241 0.0721 -0.9433 0.0068
1311876821.4352 -0.9299 -0.1403 -0.3401 -0.1751 -0.1626 0.9860 0.0379 0.0165 0.3300 0.0906 -0.9396 0.0062
1311876821.5056 -0.9275 -0.1380 -0.3473 -0.1752 -0.1625 0.9858 0.0421 0.0165 0.3366 0.0955 -0.9368 0.0055
1311876821.5712 -0.9225 -0.1414 -0.3593 -0.1769 -0.1615 0.9865 0.0265 0.0184 0.3507 0.0825 -0.9329 0.0046
1311876821.6030 -0.9194 -0.1392 -0.3678 -0.1768 -0.1624 0.9862 0.0326 0.0173 0.3582 0.0897 -0.9293 0.0036
1311876821.6735 -0.9132 -0.1354 -0.3844 -0.1760 -0.1649 0.9853 0.0447 0.0178 0.3726 0.1042 -0.9221 0.0007
1311876821.7379 -0.9129 -0.1385 -0.3840 -0.1761 -0.1648 0.9857 0.0362 0.0192 0.3735 0.0963 -0.9226 -0.0002
1311876821.8048 -0.9199 -0.1295 -0.3700 -0.1793 -0.1548 0.9872 0.0393 0.0162 0.3602 0.0934 -0.9282 -0.0001
1311876821.8362 -0.9220 -0.1258 -0.3663 -0.1802 -0.1444 0.9892 0.0237 0.0175 0.3593 0.0747 -0.9302 -0.0007
1311876821.8713 -0.9240 -0.1231 -0.3621 -0.1799 -0.1432 0.9893 0.0293 0.0173 0.3546 0.0789 -0.9317 -0.0015
1311876821.9346 -0.9250 -0.1330 -0.3559 -0.1796 -0.1537 0.9877 0.0304 0.0164 0.3475 0.0828 -0.9340 -0.0016
1311876822.0046 -0.9274 -0.1012 -0.3600 -0.1785 -0.1373 0.9876 0.0760 0.0143 0.3478 0.1199 -0.9299 -0.0011
1311876822.0734 -0.9229 -0.1344 -0.3607 -0.1786 -0.1599 0.9862 0.0418 0.0142 0.3502 0.0962 -0.9317 -0.0011
1311876822.1377 -0.9219 -0.1324 -0.3642 -0.1787 -0.1654 0.9844 0.0606 0.0152 0.3505 0.1161 -0.9293 -0.0012
1311876822.2057 -0.9282 -0.1316 -0.3481 -0.1797 -0.1482 0.9887 0.0215 0.0179 0.3414 0.0715 -0.9372 -0.0010
1311876822.2740 -0.9308 -0.1175 -0.3462 -0.1799 -0.1439 0.9883 0.0513 0.0140 0.3361 0.0976 -0.9368 -0.0023
1311876822.3412 -0.9281 -0.1194 -0.3526 -0.1797 -0.1442 0.9885 0.0448 0.0147 0.3433 0.0924 -0.9347 -0.0034
1311876822.4056 -0.9287 -0.1216 -0.3503 -0.1807 -0.1457 0.9884 0.0431 0.0147 0.3410 0.0911 -0.9357 -0.0041
1311876822.4735 -0.9283 -0.1221 -0.3513 -0.1807 -0.1460 0.9884 0.0424 0.0150 0.3420 0.0906 -0.9353 -0.0050
