1.0000 0.0000 0.0000 0.0000 0.0000 1.0000 0.0000 0.0000 0.0000 0.0000 1.0000 0.0000
1.0000 -0.0035 0.0012 -0.0001 0.0035 1.0000 0.0019 0.0000 -0.0012 -0.0019 1.0000 -0.0001
1.0000 -0.0093 0.0022 -0.0000 0.0093 1.0000 0.0031 -0.0000 -0.0022 -0.0031 1.0000 0.0001
0.9999 -0.0117 0.0042 0.0002 0.0117 0.9999 0.0048 -0.0002 -0.0042 -0.0047 1.0000 0.0000
0.9999 -0.0104 0.0038 0.0002 0.0104 0.9999 0.0065 -0.0003 -0.0039 -0.0065 1.0000 0.0000
1.0000 -0.0092 0.0010 -0.0000 0.0092 0.9999 0.0063 -0.0004 -0.0010 -0.0063 1.0000 0.0000
1.0000 -0.0068 0.0019 -0.0003 0.0068 1.0000 0.0045 0.0001 -0.0019 -0.0045 1.0000 -0.0001
1.0000 -0.0079 0.0033 -0.0002 0.0079 0.9999 0.0076 0.0000 -0.0034 -0.0075 1.0000 0.0000
0.9999 -0.0120 0.0033 -0.0003 0.0120 0.9999 0.0102 -0.0004 -0.0034 -0.0102 0.9999 0.0002
0.9999 -0.0113 0.0021 -0.0003 0.0112 0.9999 0.0116 -0.0005 -0.0022 -0.0115 0.9999 -0.0001
1.0000 -0.0063 0.0017 -0.0004 0.0063 0.9999 0.0124 -0.0003 -0.0017 -0.0124 0.9999 0.0000
1.0000 -0.0063 0.0012 -0.0008 0.0063 0.9999 0.0127 -0.0006 -0.0013 -0.0127 0.9999 -0.0001
1.0000 -0.0059 0.0012 -0.0009 0.0059 0.9999 0.0116 0.0002 -0.0013 -0.0116 0.9999 -0.0004
1.0000 -0.0076 0.0026 -0.0011 0.0075 0.9998 0.0208 -0.0005 -0.0027 -0.0208 0.9998 -0.0005
1.0000 -0.0077 0.0005 -0.0012 0.0077 0.9995 0.0299 -0.0018 -0.0007 -0.0299 0.9996 -0.0005
1.0000 -0.0029 -0.0007 -0.0013 0.0029 0.9996 0.0288 -0.0019 0.0006 -0.0288 0.9996 -0.0007
1.0000 0.0008 -0.0014 -0.0016 -0.0008 0.9994 0.0334 -0.0021 0.0014 -0.0334 0.9994 -0.0009
1.0000 0.0021 -0.0045 -0.0013 -0.0020 0.9993 0.0373 -0.0026 0.0045 -0.0373 0.9993 -0.0004
1.0000 0.0002 -0.0015 -0.0015 -0.0001 0.9993 0.0381 -0.0030 0.0015 -0.0381 0.9993 -0.0008
1.0000 -0.0012 -0.0033 -0.0009 0.0013 0.9991 0.0429 -0.0034 0.0032 -0.0429 0.9991 -0.0007
1.0000 -0.0003 -0.0066 -0.0009 0.0006 0.9989 0.0472 -0.0039 0.0066 -0.0472 0.9989 -0.0006
1.0000 0.0022 -0.0093 -0.0011 -0.0017 0.9990 0.0458 -0.0038 0.0094 -0.0457 0.9989 -0.0004
1.0000 0.0026 -0.0086 -0.0013 -0.0022 0.9989 0.0465 -0.0039 0.0087 -0.0464 0.9989 -0.0008
1.0000 -0.0005 -0.0085 -0.0014 0.0009 0.9987 0.0507 -0.0039 0.0085 -0.0507 0.9987 -0.0006
0.9999 -0.0055 -0.0087 -0.0015 0.0059 0.9986 0.0529 -0.0038 0.0084 -0.0530 0.9986 -0.0005
0.9999 -0.0061 -0.0093 -0.0014 0.0066 0.9985 0.0543 -0.0038 0.0090 -0.0543 0.9985 -0.0003
0.9999 -0.0038 -0.0095 -0.0015 0.0043 0.9985 0.0544 -0.0038 0.0093 -0.0544 0.9985 -0.0003
0.9999 -0.0030 -0.0104 -0.0016 0.0036 0.9984 0.0558 -0.0039 0.0103 -0.0558 0.9984 -0.0006
1.0000 -0.0038 -0.0081 -0.0020 0.0043 0.9983 0.0579 -0.0036 0.0079 -0.0580 0.9983 -0.0007
1.0000 -0.0048 -0.0059 -0.0019 0.0052 0.9982 0.0597 -0.0036 0.0056 -0.0597 0.9982 -0.0004
1.0000 -0.0038 -0.0060 -0.0019 0.0042 0.9981 0.0615 -0.0037 0.0058 -0.0615 0.9981 -0.0007
1.0000 0.0009 -0.0058 -0.0020 -0.0005 0.9981 0.0611 -0.0034 0.0058 -0.0611 0.9981 -0.0005
1.0000 0.0014 -0.0029 -0.0023 -0.0012 0.9982 0.0604 -0.0035 0.0030 -0.0604 0.9982 -0.0006
1.0000 -0.0018 -0.0019 -0.0023 0.0019 0.9979 0.0645 -0.0038 0.0018 -0.0645 0.9979 -0.0012
1.0000 -0.0022 -0.0003 -0.0024 0.0022 0.9979 0.0640 -0.0034 0.0002 -0.0640 0.9979 -0.0009
1.0000 -0.0046 0.0012 -0.0025 0.0045 0.9979 0.0642 -0.0038 -0.0015 -0.0641 0.9979 -0.0013
1.0000 -0.0048 0.0007 -0.0027 0.0048 0.9977 0.0670 -0.0040 -0.0010 -0.0670 0.9978 -0.0018
1.0000 -0.0054 0.0016 -0.0028 0.0053 0.9977 0.0670 -0.0038 -0.0020 -0.0670 0.9978 -0.0018
1.0000 -0.0065 0.0025 -0.0029 0.0063 0.9978 0.0661 -0.0039 -0.0030 -0.0661 0.9978 -0.0019
1.0000 -0.0087 0.0017 -0.0029 0.0086 0.9977 0.0674 -0.0042 -0.0023 -0.0674 0.9977 -0.0023
1.0000 -0.0093 0.0002 -0.0029 0.0093 0.9975 0.0699 -0.0041 -0.0009 -0.0699 0.9976 -0.0025
0.9999 -0.0091 0.0053 -0.0034 0.0087 0.9975 0.0696 -0.0040 -0.0059 -0.0696 0.9976 -0.0020
0.9998 -0.0170 0.0069 -0.0029 0.0165 0.9973 0.0718 -0.0044 -0.0081 -0.0717 0.9974 -0.0020
0.9998 -0.0209 0.0025 -0.0024 0.0207 0.9970 0.0745 -0.0046 -0.0040 -0.0744 0.9972 -0.0025
0.9999 -0.0157 0.0028 -0.0028 0.0155 0.9971 0.0739 -0.0044 -0.0039 -0.0738 0.9973 -0.0024
0.9999 -0.0148 0.0046 -0.0029 0.0145 0.9972 0.0727 -0.0045 -0.0057 -0.0726 0.9973 -0.0025
0.9998 -0.0191 0.0019 -0.0026 0.0188 0.9968 0.0772 -0.0053 -0.0034 -0.0771 0.9970 -0.0030
0.9998 -0.0214 0.0002 -0.0028 0.0213 0.9962 0.0841 -0.0052 -0.0020 -0.0840 0.9965 -0.0032
0.9998 -0.0195 0.0007 -0.0028 0.0193 0.9962 0.0846 -0.0052 -0.0023 -0.0845 0.9964 -0.0033
0.9998 -0.0200 -0.0022 -0.0028 0.0201 0.9959 0.0883 -0.0059 0.0004 -0.0883 0.9961 -0.0038
0.9998 -0.0182 -0.0062 -0.0028 0.0187 0.9952 0.0958 -0.0059 0.0044 -0.0959 0.9954 -0.0040
0.9999 -0.0143 -0.0070 -0.0027 0.0149 0.9951 0.0975 -0.0055 0.0055 -0.0976 0.9952 -0.0035
0.9998 -0.0166 -0.0052 -0.0030 0.0170 0.9950 0.0988 -0.0060 0.0036 -0.0989 0.9951 -0.0038
0.9999 -0.0152 -0.0046 -0.0034 0.0156 0.9949 0.1000 -0.0054 0.0031 -0.1001 0.9950 -0.0043
0.9999 -0.0151 -0.0052 -0.0032 0.0155 0.9940 0.1082 -0.0059 0.0036 -0.1083 0.9941 -0.0039
0.9998 -0.0200 -0.0034 -0.0032 0.0203 0.9940 0.1077 -0.0064 0.0012 -0.1078 0.9942 -0.0038
0.9996 -0.0277 -0.0025 -0.0041 0.0278 0.9927 0.1175 -0.0082 -0.0008 -0.1175 0.9931 -0.0048
0.9997 -0.0254 -0.0034 -0.0044 0.0256 0.9924 0.1207 -0.0077 0.0003 -0.1207 0.9927 -0.0043
0.9998 -0.0218 -0.0020 -0.0045 0.0219 0.9927 0.1189 -0.0081 -0.0006 -0.1189 0.9929 -0.0036
0.9996 -0.0273 -0.0012 -0.0042 0.0272 0.9926 0.1181 -0.0085 -0.0021 -0.1181 0.9930 -0.0039
0.9995 -0.0301 0.0027 -0.0052 0.0296 0.9925 0.1184 -0.0075 -0.0062 -0.1183 0.9930 -0.0044
0.9995 -0.0299 0.0021 -0.0050 0.0295 0.9919 0.1237 -0.0078 -0.0058 -0.1235 0.9923 -0.0036
0.9996 -0.0295 0.0032 -0.0050 0.0290 0.9929 0.1158 -0.0078 -0.0066 -0.1156 0.9933 -0.0037
0.9994 -0.0338 0.0029 -0.0054 0.0332 0.9921 0.1211 -0.0090 -0.0069 -0.1209 0.9926 -0.0041
0.9995 -0.0328 0.0032 -0.0056 0.0321 0.9916 0.1249 -0.0086 -0.0073 -0.1247 0.9922 -0.0031
0.9993 -0.0367 0.0051 -0.0058 0.0357 0.9914 0.1256 -0.0094 -0.0097 -0.1253 0.9921 -0.0024
0.9992 -0.0388 0.0043 -0.0054 0.0379 0.9910 0.1285 -0.0100 -0.0093 -0.1282 0.9917 -0.0030
0.9991 -0.0414 0.0048 -0.0055 0.0404 0.9903 0.1331 -0.0098 -0.0102 -0.1328 0.9911 -0.0027
0.9986 -0.0508 0.0133 -0.0076 0.0487 0.9910 0.1245 -0.0081 -0.0195 -0.1237 0.9921 -0.0015
0.9980 -0.0599 0.0186 -0.0081 0.0572 0.9908 0.1228 -0.0085 -0.0258 -0.1215 0.9923 -0.0026
0.9973 -0.0702 0.0206 -0.0080 0.0670 0.9895 0.1279 -0.0085 -0.0293 -0.1262 0.9916 -0.0036
0.9971 -0.0739 0.0199 -0.0081 0.0707 0.9890 0.1303 -0.0081 -0.0293 -0.1285 0.9913 -0.0029
0.9969 -0.0756 0.0209 -0.0084 0.0724 0.9896 0.1246 -0.0079 -0.0301 -0.1227 0.9920 -0.0024
0.9966 -0.0801 0.0200 -0.0078 0.0771 0.9895 0.1225 -0.0078 -0.0296 -0.1205 0.9923 -0.0031
0.9963 -0.0834 0.0200 -0.0082 0.0803 0.9887 0.1263 -0.0082 -0.0303 -0.1242 0.9918 -0.0031
0.9962 -0.0847 0.0198 -0.0083 0.0816 0.9886 0.1263 -0.0083 -0.0303 -0.1242 0.9918 -0.0022
0.9960 -0.0859 0.0249 -0.0090 0.0823 0.9891 0.1225 -0.0083 -0.0352 -0.1199 0.9922 -0.0026
0.9956 -0.0902 0.0261 -0.0090 0.0862 0.9884 0.1247 -0.0086 -0.0370 -0.1219 0.9919 -0.0028
0.9951 -0.0953 0.0259 -0.0091 0.0913 0.9877 0.1272 -0.0088 -0.0377 -0.1242 0.9915 -0.0027
0.9949 -0.0968 0.0298 -0.0095 0.0922 0.9873 0.1291 -0.0088 -0.0420 -0.1257 0.9912 -0.0029
0.9943 -0.1009 0.0339 -0.0098 0.0957 0.9868 0.1305 -0.0090 -0.0466 -0.1265 0.9909 -0.0023
0.9931 -0.1127 0.0333 -0.0098 0.1074 0.9854 0.1324 -0.0092 -0.0477 -0.1279 0.9906 -0.0022
0.9924 -0.1183 0.0328 -0.0099 0.1130 0.9845 0.1340 -0.0092 -0.0481 -0.1293 0.9904 -0.0020
0.9919 -0.1226 0.0336 -0.0100 0.1171 0.9841 0.1335 -0.0093 -0.0494 -0.1285 0.9905 -0.0017
0.9914 -0.1269 0.0307 -0.0099 0.1218 0.9836 0.1333 -0.0096 -0.0471 -0.1284 0.9906 -0.0022
0.9914 -0.1274 0.0308 -0.0105 0.1223 0.9835 0.1330 -0.0097 -0.0472 -0.1281 0.9906 -0.0026
0.9910 -0.1300 0.0319 -0.0106 0.1245 0.9829 0.1354 -0.0100 -0.0490 -0.1302 0.9903 -0.0029
0.9908 -0.1323 0.0281 -0.0104 0.1272 0.9822 0.1383 -0.0099 -0.0459 -0.1335 0.9900 -0.0026
0.9916 -0.1265 0.0268 -0.0107 0.1218 0.9832 0.1359 -0.0096 -0.0436 -0.1315 0.9904 -0.0023
0.9921 -0.1225 0.0285 -0.0110 0.1176 0.9838 0.1352 -0.0099 -0.0446 -0.1308 0.9904 -0.0027
0.9916 -0.1267 0.0250 -0.0107 0.1220 0.9826 0.1404 -0.0106 -0.0423 -0.1361 0.9898 -0.0027
0.9923 -0.1222 0.0223 -0.0107 0.1178 0.9828 0.1426 -0.0105 -0.0394 -0.1388 0.9895 -0.0026
0.9931 -0.1149 0.0249 -0.0111 0.1103 0.9840 0.1400 -0.0101 -0.0406 -0.1363 0.9898 -0.0023
0.9934 -0.1123 0.0237 -0.0110 0.1079 0.9841 0.1409 -0.0107 -0.0392 -0.1374 0.9897 -0.0023
0.9934 -0.1126 0.0217 -0.0117 0.1082 0.9834 0.1460 -0.0114 -0.0377 -0.1427 0.9891 -0.0030
0.9939 -0.1084 0.0213 -0.0118 0.1041 0.9837 0.1465 -0.0110 -0.0368 -0.1434 0.9890 -0.0026
0.9941 -0.1060 0.0226 -0.0118 0.1017 0.9847 0.1416 -0.0111 -0.0373 -0.1385 0.9897 -0.0022
0.9939 -0.1073 0.0247 -0.0125 0.1028 0.9846 0.1417 -0.0114 -0.0395 -0.1383 0.9896 -0.0028
0.9938 -0.1086 0.0244 -0.0127 0.1037 0.9830 0.1515 -0.0122 -0.0404 -0.1480 0.9882 -0.0025
0.9941 -0.1058 0.0233 -0.0124 0.1010 0.9830 0.1537 -0.0124 -0.0391 -0.1504 0.9878 -0.0019
0.9945 -0.1023 0.0226 -0.0125 0.0978 0.9838 0.1505 -0.0128 -0.0377 -0.1475 0.9883 -0.0023
0.9946 -0.1011 0.0250 -0.0136 0.0960 0.9828 0.1575 -0.0138 -0.0405 -0.1543 0.9872 -0.0039
0.9947 -0.0997 0.0255 -0.0135 0.0943 0.9824 0.1611 -0.0134 -0.0411 -0.1579 0.9866 -0.0033
0.9944 -0.1024 0.0265 -0.0135 0.0969 0.9822 0.1610 -0.0135 -0.0425 -0.1575 0.9866 -0.0034
0.9944 -0.1019 0.0278 -0.0135 0.0961 0.9822 0.1613 -0.0136 -0.0438 -0.1577 0.9865 -0.0036
0.9943 -0.1028 0.0278 -0.0136 0.0969 0.9817 0.1638 -0.0139 -0.0441 -0.1601 0.9861 -0.0036
0.9942 -0.1045 0.0258 -0.0138 0.0990 0.9816 0.1635 -0.0139 -0.0424 -0.1600 0.9862 -0.0033
0.9939 -0.1067 0.0281 -0.0137 0.1008 0.9819 0.1606 -0.0139 -0.0447 -0.1568 0.9866 -0.0039
0.9934 -0.1104 0.0297 -0.0137 0.1042 0.9812 0.1626 -0.0141 -0.0471 -0.1584 0.9863 -0.0042
0.9927 -0.1176 0.0271 -0.0138 0.1117 0.9802 0.1635 -0.0143 -0.0458 -0.1593 0.9862 -0.0042
0.9922 -0.1210 0.0308 -0.0149 0.1145 0.9803 0.1611 -0.0137 -0.0496 -0.1563 0.9865 -0.0053
0.9921 -0.1199 0.0363 -0.0174 0.1126 0.9805 0.1610 -0.0124 -0.0549 -0.1556 0.9863 -0.0062
0.9922 -0.1203 0.0333 -0.0179 0.1133 0.9800 0.1636 -0.0124 -0.0524 -0.1586 0.9860 -0.0055
0.9920 -0.1214 0.0353 -0.0189 0.1141 0.9798 0.1640 -0.0121 -0.0545 -0.1587 0.9858 -0.0064
0.9915 -0.1233 0.0409 -0.0217 0.1149 0.9793 0.1668 -0.0099 -0.0606 -0.1607 0.9851 -0.0077
0.9910 -0.1281 0.0398 -0.0218 0.1198 0.9785 0.1679 -0.0094 -0.0605 -0.1616 0.9850 -0.0072
0.9908 -0.1303 0.0366 -0.0214 0.1223 0.9779 0.1698 -0.0099 -0.0579 -0.1638 0.9848 -0.0080
0.9909 -0.1306 0.0330 -0.0215 0.1230 0.9770 0.1742 -0.0101 -0.0550 -0.1686 0.9842 -0.0081
0.9905 -0.1336 0.0313 -0.0220 0.1261 0.9763 0.1760 -0.0102 -0.0540 -0.1703 0.9839 -0.0084
0.9903 -0.1358 0.0292 -0.0219 0.1286 0.9757 0.1776 -0.0105 -0.0526 -0.1722 0.9837 -0.0088
0.9901 -0.1382 0.0250 -0.0219 0.1314 0.9745 0.1820 -0.0110 -0.0495 -0.1769 0.9830 -0.0095
0.9907 -0.1345 0.0205 -0.0218 0.1285 0.9746 0.1832 -0.0109 -0.0446 -0.1788 0.9829 -0.0095
0.9908 -0.1343 0.0189 -0.0221 0.1287 0.9749 0.1818 -0.0112 -0.0428 -0.1777 0.9831 -0.0097
0.9903 -0.1381 0.0185 -0.0226 0.1324 0.9740 0.1841 -0.0120 -0.0434 -0.1798 0.9827 -0.0108
0.9897 -0.1411 0.0231 -0.0254 0.1346 0.9739 0.1827 -0.0091 -0.0483 -0.1778 0.9829 -0.0117
0.9888 -0.1476 0.0197 -0.0257 0.1416 0.9730 0.1823 -0.0086 -0.0461 -0.1775 0.9830 -0.0114
0.9895 -0.1435 0.0154 -0.0257 0.1385 0.9742 0.1784 -0.0086 -0.0406 -0.1744 0.9838 -0.0114
0.9906 -0.1352 0.0199 -0.0288 0.1297 0.9763 0.1730 -0.0067 -0.0428 -0.1688 0.9847 -0.0137
0.9909 -0.1340 0.0155 -0.0289 0.1291 0.9753 0.1791 -0.0068 -0.0391 -0.1755 0.9837 -0.0134
0.9906 -0.1364 0.0127 -0.0291 0.1319 0.9746 0.1809 -0.0069 -0.0370 -0.1775 0.9834 -0.0135
0.9912 -0.1320 0.0121 -0.0295 0.1276 0.9750 0.1820 -0.0065 -0.0358 -0.1788 0.9832 -0.0139
0.9920 -0.1259 0.0118 -0.0296 0.1216 0.9756 0.1829 -0.0062 -0.0346 -0.1800 0.9831 -0.0136
0.9916 -0.1289 0.0103 -0.0300 0.1248 0.9752 0.1828 -0.0062 -0.0336 -0.1799 0.9831 -0.0139
0.9913 -0.1314 0.0078 -0.0301 0.1277 0.9743 0.1858 -0.0063 -0.0320 -0.1831 0.9826 -0.0141
0.9914 -0.1308 0.0061 -0.0301 0.1274 0.9744 0.1853 -0.0062 -0.0302 -0.1830 0.9827 -0.0138
0.9915 -0.1296 0.0048 -0.0303 0.1266 0.9752 0.1816 -0.0062 -0.0282 -0.1795 0.9834 -0.0142
0.9917 -0.1283 0.0066 -0.0311 0.1250 0.9753 0.1822 -0.0062 -0.0298 -0.1799 0.9832 -0.0146
0.9915 -0.1295 0.0073 -0.0312 0.1260 0.9751 0.1826 -0.0061 -0.0308 -0.1801 0.9832 -0.0141
0.9911 -0.1328 0.0062 -0.0312 0.1295 0.9753 0.1790 -0.0061 -0.0298 -0.1766 0.9838 -0.0138
0.9911 -0.1331 0.0057 -0.0314 0.1300 0.9756 0.1772 -0.0062 -0.0291 -0.1749 0.9842 -0.0139
0.9911 -0.1334 0.0057 -0.0315 0.1303 0.9760 0.1745 -0.0062 -0.0288 -0.1722 0.9846 -0.0134
0.9905 -0.1372 0.0053 -0.0317 0.1342 0.9759 0.1719 -0.0064 -0.0287 -0.1696 0.9851 -0.0137
0.9899 -0.1416 0.0041 -0.0319 0.1388 0.9751 0.1730 -0.0067 -0.0285 -0.1707 0.9849 -0.0137
0.9898 -0.1428 0.0017 -0.0317 0.1403 0.9748 0.1732 -0.0067 -0.0264 -0.1712 0.9849 -0.0133
0.9899 -0.1414 0.0009 -0.0319 0.1392 0.9754 0.1711 -0.0066 -0.0251 -0.1692 0.9853 -0.0128
0.9897 -0.1432 0.0012 -0.0323 0.1409 0.9753 0.1700 -0.0067 -0.0256 -0.1680 0.9855 -0.0129
0.9891 -0.1471 -0.0012 -0.0323 0.1450 0.9737 0.1758 -0.0077 -0.0247 -0.1740 0.9844 -0.0135
0.9888 -0.1492 -0.0035 -0.0331 0.1474 0.9729 0.1782 -0.0072 -0.0232 -0.1768 0.9840 -0.0126
0.9890 -0.1477 -0.0029 -0.0336 0.1459 0.9739 0.1737 -0.0067 -0.0229 -0.1722 0.9848 -0.0119
0.9892 -0.1468 -0.0054 -0.0332 0.1454 0.9737 0.1752 -0.0077 -0.0205 -0.1741 0.9845 -0.0117
0.9888 -0.1488 -0.0085 -0.0332 0.1479 0.9720 0.1826 -0.0077 -0.0189 -0.1818 0.9832 -0.0117
0.9889 -0.1485 -0.0087 -0.0332 0.1476 0.9724 0.1808 -0.0068 -0.0184 -0.1801 0.9835 -0.0108
0.9889 -0.1485 -0.0075 -0.0334 0.1475 0.9730 0.1776 -0.0071 -0.0191 -0.1767 0.9841 -0.0114
0.9882 -0.1534 0.0002 -0.0360 0.1506 0.9700 0.1908 -0.0100 -0.0295 -0.1885 0.9816 -0.0136
0.9874 -0.1582 -0.0037 -0.0359 0.1559 0.9681 0.1962 -0.0099 -0.0275 -0.1943 0.9806 -0.0131
0.9878 -0.1555 -0.0054 -0.0358 0.1535 0.9683 0.1971 -0.0098 -0.0255 -0.1956 0.9804 -0.0128
0.9884 -0.1517 -0.0036 -0.0361 0.1495 0.9696 0.1936 -0.0097 -0.0259 -0.1919 0.9811 -0.0124
0.9879 -0.1551 -0.0059 -0.0367 0.1533 0.9690 0.1938 -0.0101 -0.0243 -0.1923 0.9810 -0.0136
0.9875 -0.1572 -0.0066 -0.0368 0.1554 0.9680 0.1972 -0.0101 -0.0247 -0.1958 0.9803 -0.0133
0.9872 -0.1595 -0.0042 -0.0370 0.1572 0.9680 0.1958 -0.0100 -0.0272 -0.1940 0.9806 -0.0128
0.9867 -0.1625 -0.0032 -0.0372 0.1600 0.9680 0.1935 -0.0101 -0.0284 -0.1914 0.9811 -0.0133
0.9863 -0.1648 -0.0010 -0.0377 0.1618 0.9672 0.1957 -0.0105 -0.0313 -0.1932 0.9807 -0.0138
0.9850 -0.1724 -0.0003 -0.0381 0.1689 0.9650 0.2007 -0.0108 -0.0344 -0.1978 0.9796 -0.0139
0.9843 -0.1763 -0.0025 -0.0381 0.1731 0.9637 0.2032 -0.0109 -0.0334 -0.2004 0.9791 -0.0137
0.9845 -0.1753 -0.0022 -0.0383 0.1721 0.9640 0.2027 -0.0108 -0.0334 -0.1999 0.9792 -0.0135
0.9845 -0.1756 -0.0025 -0.0386 0.1724 0.9639 0.2030 -0.0109 -0.0332 -0.2003 0.9792 -0.0137
0.9839 -0.1787 -0.0043 -0.0388 0.1757 0.9624 0.2069 -0.0108 -0.0329 -0.2043 0.9784 -0.0138
0.9835 -0.1807 -0.0035 -0.0389 0.1774 0.9615 0.2097 -0.0107 -0.0345 -0.2069 0.9778 -0.0133
0.9835 -0.1810 -0.0025 -0.0391 0.1775 0.9616 0.2094 -0.0107 -0.0355 -0.2064 0.9778 -0.0132
0.9829 -0.1843 -0.0027 -0.0395 0.1808 0.9609 0.2097 -0.0108 -0.0361 -0.2066 0.9778 -0.0132
0.9816 -0.1908 -0.0033 -0.0398 0.1872 0.9599 0.2086 -0.0109 -0.0366 -0.2054 0.9780 -0.0129
0.9812 -0.1930 -0.0043 -0.0399 0.1896 0.9594 0.2087 -0.0109 -0.0362 -0.2056 0.9780 -0.0135
0.9814 -0.1918 -0.0078 -0.0400 0.1891 0.9592 0.2103 -0.0110 -0.0328 -0.2079 0.9776 -0.0131
0.9818 -0.1896 -0.0130 -0.0400 0.1881 0.9598 0.2082 -0.0110 -0.0270 -0.2069 0.9780 -0.0131
0.9821 -0.1877 -0.0130 -0.0402 0.1863 0.9600 0.2089 -0.0110 -0.0267 -0.2076 0.9778 -0.0132
0.9815 -0.1911 -0.0120 -0.0404 0.1893 0.9588 0.2120 -0.0111 -0.0290 -0.2104 0.9772 -0.0133
0.9813 -0.1913 -0.0229 -0.0379 0.1916 0.9570 0.2176 -0.0115 -0.0197 -0.2179 0.9758 -0.0145
0.9822 -0.1859 -0.0252 -0.0380 0.1868 0.9571 0.2213 -0.0113 -0.0171 -0.2221 0.9749 -0.0141
0.9829 -0.1825 -0.0246 -0.0383 0.1834 0.9586 0.2177 -0.0114 -0.0162 -0.2185 0.9757 -0.0139
0.9827 -0.1832 -0.0258 -0.0384 0.1844 0.9587 0.2167 -0.0112 -0.0150 -0.2177 0.9759 -0.0144
0.9828 -0.1822 -0.0289 -0.0384 0.1840 0.9572 0.2236 -0.0113 -0.0131 -0.2251 0.9743 -0.0145
0.9841 -0.1754 -0.0297 -0.0383 0.1776 0.9586 0.2226 -0.0106 -0.0106 -0.2243 0.9745 -0.0139
0.9843 -0.1743 -0.0289 -0.0385 0.1764 0.9597 0.2187 -0.0102 -0.0103 -0.2204 0.9754 -0.0148
0.9836 -0.1773 -0.0319 -0.0389 0.1799 0.9571 0.2272 -0.0121 -0.0098 -0.2293 0.9733 -0.0155
0.9840 -0.1748 -0.0344 -0.0389 0.1780 0.9571 0.2287 -0.0119 -0.0071 -0.2312 0.9729 -0.0152
0.9838 -0.1761 -0.0324 -0.0392 0.1789 0.9578 0.2249 -0.0119 -0.0086 -0.2271 0.9738 -0.0147
0.9831 -0.1806 -0.0311 -0.0396 0.1830 0.9574 0.2233 -0.0118 -0.0106 -0.2252 0.9743 -0.0158
0.9826 -0.1826 -0.0331 -0.0396 0.1853 0.9557 0.2288 -0.0120 -0.0102 -0.2310 0.9729 -0.0162
0.9831 -0.1800 -0.0323 -0.0396 0.1826 0.9561 0.2294 -0.0114 -0.0105 -0.2314 0.9728 -0.0159
0.9829 -0.1811 -0.0317 -0.0400 0.1836 0.9571 0.2242 -0.0116 -0.0102 -0.2262 0.9740 -0.0165
0.9831 -0.1804 -0.0325 -0.0403 0.1831 0.9575 0.2227 -0.0116 -0.0090 -0.2249 0.9743 -0.0171
0.9827 -0.1824 -0.0315 -0.0406 0.1848 0.9572 0.2227 -0.0117 -0.0105 -0.2246 0.9744 -0.0172
0.9816 -0.1884 -0.0299 -0.0410 0.1903 0.9559 0.2235 -0.0118 -0.0135 -0.2251 0.9742 -0.0172
0.9804 -0.1951 -0.0292 -0.0412 0.1966 0.9545 0.2240 -0.0119 -0.0158 -0.2253 0.9742 -0.0173
0.9802 -0.1958 -0.0294 -0.0412 0.1973 0.9548 0.2223 -0.0119 -0.0155 -0.2237 0.9745 -0.0168
0.9797 -0.1983 -0.0284 -0.0416 0.1997 0.9554 0.2176 -0.0120 -0.0160 -0.2188 0.9756 -0.0167
0.9786 -0.2040 -0.0252 -0.0421 0.2047 0.9551 0.2144 -0.0120 -0.0196 -0.2150 0.9764 -0.0175
0.9767 -0.2134 -0.0217 -0.0425 0.2129 0.9526 0.2175 -0.0123 -0.0258 -0.2170 0.9758 -0.0180
0.9750 -0.2212 -0.0228 -0.0427 0.2207 0.9505 0.2186 -0.0127 -0.0267 -0.2182 0.9755 -0.0181
0.9748 -0.2220 -0.0223 -0.0429 0.2215 0.9508 0.2166 -0.0126 -0.0268 -0.2161 0.9760 -0.0186
0.9748 -0.2221 -0.0220 -0.0430 0.2215 0.9504 0.2185 -0.0131 -0.0276 -0.2179 0.9756 -0.0191
0.9736 -0.2267 -0.0256 -0.0432 0.2267 0.9481 0.2230 -0.0133 -0.0263 -0.2230 0.9745 -0.0194
0.9732 -0.2285 -0.0279 -0.0433 0.2288 0.9469 0.2258 -0.0132 -0.0251 -0.2262 0.9738 -0.0195
0.9733 -0.2275 -0.0294 -0.0434 0.2281 0.9466 0.2277 -0.0133 -0.0239 -0.2284 0.9733 -0.0195
0.9728 -0.2292 -0.0330 -0.0437 0.2306 0.9461 0.2272 -0.0133 -0.0209 -0.2286 0.9733 -0.0194
0.9721 -0.2318 -0.0351 -0.0438 0.2336 0.9451 0.2284 -0.0132 -0.0198 -0.2302 0.9729 -0.0200
0.9715 -0.2343 -0.0350 -0.0440 0.2359 0.9438 0.2316 -0.0134 -0.0212 -0.2332 0.9722 -0.0202
0.9704 -0.2387 -0.0361 -0.0442 0.2405 0.9422 0.2332 -0.0136 -0.0216 -0.2350 0.9717 -0.0205
0.9701 -0.2397 -0.0390 -0.0442 0.2421 0.9416 0.2342 -0.0137 -0.0194 -0.2366 0.9714 -0.0211
0.9704 -0.2381 -0.0393 -0.0443 0.2406 0.9412 0.2370 -0.0138 -0.0195 -0.2395 0.9707 -0.0216
0.9699 -0.2402 -0.0395 -0.0447 0.2425 0.9397 0.2413 -0.0142 -0.0209 -0.2436 0.9696 -0.0222
0.9694 -0.2419 -0.0422 -0.0447 0.2448 0.9385 0.2435 -0.0144 -0.0193 -0.2463 0.9690 -0.0227
0.9701 -0.2388 -0.0438 -0.0447 0.2422 0.9386 0.2457 -0.0144 -0.0175 -0.2489 0.9684 -0.0229
0.9706 -0.2367 -0.0435 -0.0449 0.2401 0.9394 0.2449 -0.0144 -0.0171 -0.2481 0.9686 -0.0229
0.9701 -0.2386 -0.0442 -0.0450 0.2421 0.9389 0.2448 -0.0144 -0.0169 -0.2482 0.9686 -0.0236
0.9694 -0.2417 -0.0428 -0.0452 0.2446 0.9375 0.2475 -0.0145 -0.0197 -0.2504 0.9679 -0.0237
0.9690 -0.2436 -0.0407 -0.0451 0.2460 0.9372 0.2475 -0.0144 -0.0222 -0.2498 0.9680 -0.0232
0.9681 -0.2471 -0.0420 -0.0454 0.2497 0.9369 0.2446 -0.0149 -0.0211 -0.2473 0.9687 -0.0236
0.9680 -0.2469 -0.0448 -0.0454 0.2503 0.9377 0.2408 -0.0150 -0.0175 -0.2443 0.9695 -0.0237
0.9681 -0.2464 -0.0464 -0.0455 0.2503 0.9384 0.2383 -0.0150 -0.0151 -0.2423 0.9701 -0.0240
0.9666 -0.2515 -0.0492 -0.0457 0.2559 0.9371 0.2375 -0.0154 -0.0136 -0.2422 0.9701 -0.0243
0.9652 -0.2561 -0.0532 -0.0457 0.2614 0.9361 0.2352 -0.0154 -0.0104 -0.2409 0.9705 -0.0237
0.9651 -0.2560 -0.0554 -0.0457 0.2618 0.9369 0.2314 -0.0154 -0.0073 -0.2379 0.9713 -0.0238
0.9635 -0.2606 -0.0612 -0.0459 0.2676 0.9354 0.2312 -0.0162 -0.0030 -0.2392 0.9710 -0.0241
0.9631 -0.2605 -0.0681 -0.0460 0.2692 0.9355 0.2288 -0.0161 0.0041 -0.2387 0.9711 -0.0238
0.9630 -0.2598 -0.0712 -0.0463 0.2693 0.9361 0.2261 -0.0161 0.0079 -0.2369 0.9715 -0.0237
0.9624 -0.2611 -0.0750 -0.0463 0.2714 0.9359 0.2246 -0.0161 0.0115 -0.2365 0.9716 -0.0233
0.9611 -0.2639 -0.0820 -0.0463 0.2758 0.9348 0.2237 -0.0163 0.0176 -0.2376 0.9712 -0.0234
0.9611 -0.2625 -0.0863 -0.0463 0.2754 0.9350 0.2235 -0.0162 0.0220 -0.2385 0.9709 -0.0228
0.9617 -0.2591 -0.0890 -0.0463 0.2728 0.9365 0.2204 -0.0160 0.0263 -0.2363 0.9713 -0.0221
0.9615 -0.2594 -0.0912 -0.0464 0.2734 0.9368 0.2182 -0.0159 0.0289 -0.2347 0.9716 -0.0222
0.9605 -0.2623 -0.0928 -0.0466 0.2766 0.9364 0.2158 -0.0158 0.0303 -0.2329 0.9720 -0.0219
0.9601 -0.2631 -0.0947 -0.0465 0.2778 0.9366 0.2137 -0.0158 0.0325 -0.2315 0.9723 -0.0224
0.9610 -0.2592 -0.0964 -0.0466 0.2744 0.9372 0.2154 -0.0158 0.0345 -0.2334 0.9718 -0.0220
0.9623 -0.2541 -0.0965 -0.0470 0.2694 0.9392 0.2129 -0.0175 0.0365 -0.2308 0.9723 -0.0209
0.9616 -0.2570 -0.0959 -0.0467 0.2717 0.9406 0.2037 -0.0169 0.0379 -0.2219 0.9743 -0.0213
0.9612 -0.2587 -0.0960 -0.0469 0.2733 0.9405 0.2017 -0.0172 0.0381 -0.2201 0.9747 -0.0212
0.9609 -0.2592 -0.0973 -0.0468 0.2738 0.9415 0.1963 -0.0170 0.0407 -0.2153 0.9757 -0.0206
0.9605 -0.2611 -0.0960 -0.0470 0.2752 0.9420 0.1921 -0.0172 0.0403 -0.2109 0.9767 -0.0210
0.9607 -0.2604 -0.0965 -0.0469 0.2746 0.9423 0.1913 -0.0173 0.0411 -0.2102 0.9768 -0.0208
0.9602 -0.2613 -0.0991 -0.0469 0.2757 0.9433 0.1848 -0.0170 0.0452 -0.2048 0.9778 -0.0198
0.9600 -0.2599 -0.1042 -0.0463 0.2750 0.9450 0.1772 -0.0168 0.0524 -0.1988 0.9786 -0.0204
0.9614 -0.2538 -0.1063 -0.0464 0.2692 0.9475 0.1723 -0.0167 0.0570 -0.1943 0.9793 -0.0201
0.9618 -0.2517 -0.1081 -0.0466 0.2672 0.9489 0.1681 -0.0166 0.0603 -0.1905 0.9798 -0.0196
0.9611 -0.2522 -0.1125 -0.0464 0.2685 0.9489 0.1659 -0.0167 0.0649 -0.1897 0.9797 -0.0190
0.9614 -0.2504 -0.1140 -0.0466 0.2667 0.9498 0.1633 -0.0165 0.0674 -0.1874 0.9800 -0.0181
0.9610 -0.2504 -0.1173 -0.0465 0.2670 0.9506 0.1583 -0.0164 0.0719 -0.1834 0.9804 -0.0173
0.9610 -0.2489 -0.1208 -0.0465 0.2659 0.9514 0.1553 -0.0164 0.0763 -0.1814 0.9804 -0.0167
0.9608 -0.2500 -0.1199 -0.0468 0.2668 0.9513 0.1542 -0.0164 0.0755 -0.1801 0.9807 -0.0166
0.9598 -0.2530 -0.1218 -0.0463 0.2701 0.9503 0.1546 -0.0164 0.0766 -0.1812 0.9804 -0.0166
0.9592 -0.2524 -0.1274 -0.0461 0.2706 0.9502 0.1548 -0.0164 0.0820 -0.1830 0.9797 -0.0163
0.9600 -0.2479 -0.1303 -0.0463 0.2666 0.9514 0.1541 -0.0163 0.0858 -0.1827 0.9794 -0.0159
0.9604 -0.2457 -0.1316 -0.0464 0.2645 0.9523 0.1520 -0.0162 0.0879 -0.1808 0.9796 -0.0152
0.9598 -0.2471 -0.1334 -0.0464 0.2661 0.9520 0.1515 -0.0162 0.0896 -0.1809 0.9794 -0.0152
0.9596 -0.2467 -0.1350 -0.0465 0.2665 0.9512 0.1555 -0.0164 0.0901 -0.1852 0.9786 -0.0153
0.9601 -0.2450 -0.1352 -0.0465 0.2649 0.9514 0.1572 -0.0162 0.0901 -0.1867 0.9783 -0.0149
0.9596 -0.2466 -0.1353 -0.0464 0.2662 0.9515 0.1540 -0.0161 0.0908 -0.1838 0.9788 -0.0146
0.9595 -0.2477 -0.1345 -0.0465 0.2672 0.9512 0.1543 -0.0163 0.0897 -0.1840 0.9788 -0.0148
0.9594 -0.2485 -0.1333 -0.0465 0.2680 0.9506 0.1567 -0.0163 0.0878 -0.1860 0.9786 -0.0144
0.9586 -0.2511 -0.1343 -0.0464 0.2707 0.9499 0.1563 -0.0162 0.0883 -0.1862 0.9785 -0.0140
0.9583 -0.2512 -0.1364 -0.0462 0.2712 0.9498 0.1563 -0.0162 0.0903 -0.1868 0.9782 -0.0137
0.9589 -0.2491 -0.1361 -0.0463 0.2690 0.9506 0.1553 -0.0160 0.0907 -0.1855 0.9785 -0.0131
0.9590 -0.2527 -0.1285 -0.0505 0.2711 0.9499 0.1556 -0.0189 0.0828 -0.1841 0.9794 -0.0137
0.9575 -0.2570 -0.1311 -0.0505 0.2759 0.9486 0.1553 -0.0193 0.0845 -0.1848 0.9791 -0.0140
0.9568 -0.2586 -0.1329 -0.0505 0.2777 0.9482 0.1544 -0.0192 0.0861 -0.1846 0.9790 -0.0135
0.9556 -0.2620 -0.1349 -0.0504 0.2809 0.9482 0.1485 -0.0189 0.0890 -0.1798 0.9797 -0.0129
0.9537 -0.2680 -0.1367 -0.0504 0.2869 0.9469 0.1449 -0.0189 0.0907 -0.1774 0.9800 -0.0129
0.9526 -0.2700 -0.1399 -0.0502 0.2894 0.9463 0.1443 -0.0187 0.0934 -0.1780 0.9796 -0.0122
0.9517 -0.2708 -0.1443 -0.0501 0.2906 0.9465 0.1400 -0.0186 0.0987 -0.1752 0.9796 -0.0118
0.9521 -0.2674 -0.1485 -0.0500 0.2875 0.9480 0.1367 -0.0186 0.1042 -0.1729 0.9794 -0.0115
0.9523 -0.2642 -0.1529 -0.0500 0.2849 0.9490 0.1350 -0.0188 0.1094 -0.1721 0.9790 -0.0110
0.9520 -0.2641 -0.1550 -0.0499 0.2855 0.9484 0.1378 -0.0193 0.1106 -0.1754 0.9783 -0.0108
0.9506 -0.2674 -0.1577 -0.0502 0.2906 0.9453 0.1483 -0.0211 0.1095 -0.1868 0.9763 -0.0114
0.9511 -0.2639 -0.1606 -0.0503 0.2878 0.9460 0.1494 -0.0206 0.1125 -0.1883 0.9756 -0.0109
0.9527 -0.2583 -0.1601 -0.0505 0.2818 0.9480 0.1476 -0.0206 0.1137 -0.1858 0.9760 -0.0107
0.9525 -0.2580 -0.1616 -0.0502 0.2819 0.9479 0.1485 -0.0207 0.1149 -0.1870 0.9756 -0.0106
0.9514 -0.2598 -0.1655 -0.0501 0.2848 0.9466 0.1512 -0.0207 0.1174 -0.1910 0.9746 -0.0104
0.9521 -0.2569 -0.1656 -0.0503 0.2818 0.9476 0.1503 -0.0203 0.1183 -0.1898 0.9747 -0.0100
0.9542 -0.2557 -0.1554 -0.0550 0.2787 0.9485 0.1506 -0.0234 0.1089 -0.1870 0.9763 -0.0110
0.9542 -0.2551 -0.1565 -0.0545 0.2784 0.9485 0.1512 -0.0239 0.1099 -0.1878 0.9760 -0.0112
0.9533 -0.2576 -0.1574 -0.0550 0.2822 0.9457 0.1614 -0.0256 0.1073 -0.1983 0.9742 -0.0113
0.9534 -0.2567 -0.1585 -0.0550 0.2817 0.9456 0.1631 -0.0249 0.1080 -0.2001 0.9738 -0.0110
0.9536 -0.2568 -0.1570 -0.0551 0.2809 0.9466 0.1583 -0.0248 0.1080 -0.1950 0.9748 -0.0110
0.9541 -0.2548 -0.1575 -0.0545 0.2796 0.9461 0.1635 -0.0261 0.1073 -0.2000 0.9739 -0.0113
0.9529 -0.2590 -0.1579 -0.0546 0.2848 0.9430 0.1720 -0.0260 0.1043 -0.2088 0.9724 -0.0111
0.9519 -0.2626 -0.1577 -0.0545 0.2886 0.9413 0.1751 -0.0254 0.1024 -0.2122 0.9718 -0.0108
0.9534 -0.2590 -0.1550 -0.0545 0.2844 0.9427 0.1745 -0.0252 0.1009 -0.2104 0.9724 -0.0105
0.9532 -0.2610 -0.1528 -0.0548 0.2859 0.9424 0.1737 -0.0248 0.0987 -0.2093 0.9729 -0.0107
0.9515 -0.2671 -0.1523 -0.0548 0.2920 0.9402 0.1752 -0.0248 0.0964 -0.2111 0.9727 -0.0108
0.9509 -0.2712 -0.1494 -0.0548 0.2955 0.9389 0.1766 -0.0247 0.0923 -0.2121 0.9729 -0.0107
0.9516 -0.2704 -0.1458 -0.0547 0.2940 0.9395 0.1760 -0.0246 0.0894 -0.2103 0.9735 -0.0105
0.9518 -0.2697 -0.1463 -0.0545 0.2932 0.9398 0.1754 -0.0247 0.0902 -0.2098 0.9736 -0.0106
0.9525 -0.2679 -0.1452 -0.0547 0.2912 0.9405 0.1752 -0.0247 0.0896 -0.2092 0.9738 -0.0105
0.9536 -0.2662 -0.1408 -0.0549 0.2886 0.9414 0.1746 -0.0247 0.0861 -0.2071 0.9745 -0.0104
0.9529 -0.2701 -0.1377 -0.0549 0.2918 0.9404 0.1749 -0.0246 0.0823 -0.2069 0.9749 -0.0102
0.9526 -0.2711 -0.1382 -0.0547 0.2928 0.9402 0.1741 -0.0244 0.0828 -0.2063 0.9750 -0.0100
0.9540 -0.2676 -0.1351 -0.0548 0.2884 0.9423 0.1700 -0.0244 0.0818 -0.2012 0.9761 -0.0101
0.9547 -0.2660 -0.1336 -0.0545 0.2866 0.9428 0.1704 -0.0245 0.0806 -0.2010 0.9763 -0.0102
0.9544 -0.2666 -0.1344 -0.0544 0.2873 0.9425 0.1707 -0.0244 0.0812 -0.2015 0.9761 -0.0100
0.9538 -0.2690 -0.1336 -0.0544 0.2894 0.9422 0.1688 -0.0244 0.0805 -0.1997 0.9765 -0.0099
0.9544 -0.2677 -0.1321 -0.0544 0.2877 0.9429 0.1680 -0.0244 0.0796 -0.1983 0.9769 -0.0100
0.9547 -0.2668 -0.1316 -0.0544 0.2865 0.9438 0.1650 -0.0242 0.0802 -0.1952 0.9775 -0.0095
0.9537 -0.2692 -0.1339 -0.0542 0.2891 0.9434 0.1626 -0.0245 0.0825 -0.1938 0.9776 -0.0097
0.9530 -0.2697 -0.1385 -0.0541 0.2909 0.9421 0.1672 -0.0251 0.0854 -0.1996 0.9762 -0.0104
0.9538 -0.2676 -0.1362 -0.0566 0.2885 0.9426 0.1682 -0.0239 0.0834 -0.1998 0.9763 -0.0097
0.9548 -0.2633 -0.1381 -0.0564 0.2846 0.9436 0.1689 -0.0238 0.0858 -0.2006 0.9759 -0.0094
0.9545 -0.2614 -0.1435 -0.0560 0.2841 0.9433 0.1715 -0.0240 0.0906 -0.2045 0.9747 -0.0095
0.9548 -0.2583 -0.1473 -0.0580 0.2823 0.9432 0.1754 -0.0247 0.0937 -0.2090 0.9734 -0.0083
0.9544 -0.2572 -0.1515 -0.0579 0.2818 0.9437 0.1733 -0.0247 0.0984 -0.2081 0.9731 -0.0084
0.9535 -0.2572 -0.1572 -0.0578 0.2828 0.9437 0.1715 -0.0250 0.1042 -0.2080 0.9726 -0.0084
0.9529 -0.2587 -0.1581 -0.0612 0.2844 0.9433 0.1708 -0.0253 0.1049 -0.2078 0.9725 -0.0093
0.9521 -0.2583 -0.1635 -0.0612 0.2851 0.9432 0.1706 -0.0253 0.1101 -0.2091 0.9717 -0.0093
0.9522 -0.2553 -0.1675 -0.0612 0.2828 0.9442 0.1688 -0.0252 0.1151 -0.2081 0.9713 -0.0090
0.9505 -0.2586 -0.1723 -0.0608 0.2868 0.9435 0.1661 -0.0247 0.1196 -0.2073 0.9709 -0.0090
0.9498 -0.2581 -0.1768 -0.0610 0.2876 0.9426 0.1693 -0.0252 0.1230 -0.2117 0.9696 -0.0101
0.9499 -0.2553 -0.1803 -0.0610 0.2858 0.9431 0.1700 -0.0249 0.1266 -0.2130 0.9688 -0.0094
0.9487 -0.2579 -0.1831 -0.0609 0.2884 0.9430 0.1661 -0.0250 0.1298 -0.2104 0.9690 -0.0095
0.9481 -0.2580 -0.1859 -0.0605 0.2892 0.9426 0.1668 -0.0252 0.1322 -0.2119 0.9683 -0.0095
0.9469 -0.2605 -0.1884 -0.0602 0.2923 0.9416 0.1673 -0.0251 0.1338 -0.2135 0.9677 -0.0094
0.9452 -0.2643 -0.1915 -0.0602 0.2971 0.9397 0.1693 -0.0254 0.1353 -0.2169 0.9668 -0.0101
0.9451 -0.2644 -0.1918 -0.0602 0.2974 0.9394 0.1705 -0.0252 0.1351 -0.2182 0.9665 -0.0100
0.9451 -0.2642 -0.1922 -0.0598 0.2968 0.9402 0.1672 -0.0251 0.1366 -0.2151 0.9670 -0.0098
0.9452 -0.2621 -0.1948 -0.0594 0.2955 0.9403 0.1687 -0.0255 0.1389 -0.2170 0.9662 -0.0099
0.9452 -0.2629 -0.1936 -0.0595 0.2967 0.9392 0.1728 -0.0255 0.1364 -0.2208 0.9657 -0.0098
0.9444 -0.2657 -0.1936 -0.0594 0.2995 0.9382 0.1735 -0.0254 0.1356 -0.2218 0.9656 -0.0099
0.9438 -0.2669 -0.1949 -0.0592 0.3011 0.9376 0.1739 -0.0254 0.1363 -0.2228 0.9653 -0.0102
0.9444 -0.2643 -0.1958 -0.0591 0.2990 0.9379 0.1760 -0.0255 0.1371 -0.2248 0.9647 -0.0104
0.9444 -0.2647 -0.1949 -0.0592 0.2990 0.9381 0.1747 -0.0253 0.1366 -0.2233 0.9651 -0.0102
0.9432 -0.2685 -0.1956 -0.0589 0.3029 0.9368 0.1748 -0.0253 0.1363 -0.2241 0.9650 -0.0107
0.9437 -0.2658 -0.1968 -0.0588 0.3012 0.9365 0.1796 -0.0253 0.1365 -0.2287 0.9639 -0.0108
0.9441 -0.2641 -0.1971 -0.0588 0.2994 0.9373 0.1783 -0.0251 0.1376 -0.2273 0.9640 -0.0105
0.9436 -0.2655 -0.1978 -0.0586 0.3007 0.9372 0.1767 -0.0253 0.1384 -0.2262 0.9642 -0.0108
0.9442 -0.2646 -0.1962 -0.0589 0.3000 0.9366 0.1808 -0.0254 0.1359 -0.2296 0.9638 -0.0117
0.9456 -0.2626 -0.1920 -0.0589 0.2974 0.9371 0.1830 -0.0250 0.1319 -0.2301 0.9642 -0.0112
0.9465 -0.2659 -0.1829 -0.0641 0.2986 0.9365 0.1838 -0.0283 0.1224 -0.2286 0.9658 -0.0122
0.9457 -0.2652 -0.1879 -0.0641 0.2989 0.9367 0.1822 -0.0285 0.1277 -0.2285 0.9651 -0.0129
0.9485 -0.2584 -0.1835 -0.0649 0.2913 0.9388 0.1836 -0.0283 0.1248 -0.2276 0.9657 -0.0133
0.9485 -0.2621 -0.1782 -0.0658 0.2932 0.9391 0.1794 -0.0278 0.1203 -0.2224 0.9675 -0.0121
0.9458 -0.2707 -0.1793 -0.0658 0.3013 0.9375 0.1739 -0.0278 0.1210 -0.2184 0.9683 -0.0121
0.9465 -0.2664 -0.1822 -0.0656 0.2981 0.9378 0.1777 -0.0274 0.1236 -0.2225 0.9671 -0.0122
0.9490 -0.2586 -0.1804 -0.0656 0.2902 0.9401 0.1788 -0.0269 0.1234 -0.2220 0.9672 -0.0119
0.9491 -0.2594 -0.1786 -0.0668 0.2897 0.9415 0.1721 -0.0280 0.1235 -0.2151 0.9688 -0.0137
0.9479 -0.2594 -0.1848 -0.0674 0.2914 0.9405 0.1747 -0.0292 0.1285 -0.2194 0.9671 -0.0173
0.9511 -0.2487 -0.1830 -0.0684 0.2817 0.9417 0.1840 -0.0287 0.1265 -0.2266 0.9657 -0.0179
0.9539 -0.2412 -0.1784 -0.0683 0.2728 0.9448 0.1814 -0.0276 0.1248 -0.2217 0.9671 -0.0168
0.9548 -0.2413 -0.1737 -0.0681 0.2715 0.9458 0.1783 -0.0281 0.1213 -0.2174 0.9685 -0.0170
0.9542 -0.2425 -0.1754 -0.0679 0.2737 0.9441 0.1839 -0.0288 0.1210 -0.2235 0.9672 -0.0170
0.9558 -0.2359 -0.1756 -0.0683 0.2672 0.9459 0.1840 -0.0280 0.1227 -0.2228 0.9671 -0.0167
0.9579 -0.2319 -0.1690 -0.0684 0.2609 0.9490 0.1769 -0.0277 0.1194 -0.2136 0.9696 -0.0170
0.9599 -0.2272 -0.1644 -0.0663 0.2558 0.9495 0.1818 -0.0286 0.1148 -0.2165 0.9695 -0.0200
0.9611 -0.2259 -0.1589 -0.0661 0.2543 0.9483 0.1899 -0.0282 0.1077 -0.2229 0.9689 -0.0196
0.9615 -0.2263 -0.1560 -0.0659 0.2542 0.9481 0.1911 -0.0279 0.1046 -0.2233 0.9691 -0.0190
0.9624 -0.2266 -0.1500 -0.0660 0.2529 0.9488 0.1892 -0.0278 0.0994 -0.2200 0.9704 -0.0187
0.9610 -0.2338 -0.1478 -0.0661 0.2597 0.9465 0.1916 -0.0287 0.0951 -0.2225 0.9703 -0.0193
0.9606 -0.2337 -0.1502 -0.0661 0.2606 0.9454 0.1958 -0.0287 0.0962 -0.2272 0.9691 -0.0191
0.9622 -0.2299 -0.1458 -0.0665 0.2558 0.9469 0.1948 -0.0281 0.0933 -0.2247 0.9699 -0.0190
0.9615 -0.2348 -0.1428 -0.0666 0.2598 0.9459 0.1943 -0.0282 0.0894 -0.2239 0.9705 -0.0189
0.9598 -0.2409 -0.1443 -0.0665 0.2665 0.9434 0.1974 -0.0284 0.0885 -0.2279 0.9697 -0.0190
0.9591 -0.2424 -0.1461 -0.0665 0.2688 0.9416 0.2025 -0.0283 0.0885 -0.2335 0.9683 -0.0187
0.9605 -0.2366 -0.1463 -0.0664 0.2632 0.9434 0.2016 -0.0276 0.0903 -0.2322 0.9685 -0.0180
0.9606 -0.2362 -0.1464 -0.0678 0.2622 0.9448 0.1963 -0.0280 0.0920 -0.2270 0.9695 -0.0198
0.9599 -0.2387 -0.1468 -0.0686 0.2653 0.9429 0.2016 -0.0289 0.0903 -0.2325 0.9684 -0.0214
0.9598 -0.2406 -0.1442 -0.0695 0.2673 0.9404 0.2101 -0.0297 0.0851 -0.2402 0.9670 -0.0200
0.9586 -0.2440 -0.1468 -0.0691 0.2713 0.9393 0.2101 -0.0294 0.0867 -0.2412 0.9666 -0.0190
0.9586 -0.2414 -0.1512 -0.0689 0.2695 0.9403 0.2077 -0.0292 0.0920 -0.2398 0.9665 -0.0183
0.9595 -0.2372 -0.1520 -0.0691 0.2653 0.9424 0.2039 -0.0290 0.0949 -0.2360 0.9671 -0.0176
0.9569 -0.2450 -0.1557 -0.0694 0.2737 0.9404 0.2021 -0.0286 0.0969 -0.2360 0.9669 -0.0170
0.9547 -0.2502 -0.1612 -0.0693 0.2803 0.9379 0.2043 -0.0287 0.1001 -0.2402 0.9655 -0.0166
0.9547 -0.2495 -0.1623 -0.0696 0.2799 0.9381 0.2042 -0.0284 0.1013 -0.2404 0.9654 -0.0157
0.9544 -0.2487 -0.1651 -0.0693 0.2792 0.9395 0.1985 -0.0281 0.1058 -0.2355 0.9661 -0.0148
0.9531 -0.2503 -0.1701 -0.0695 0.2819 0.9387 0.1984 -0.0287 0.1101 -0.2371 0.9652 -0.0157
0.9537 -0.2472 -0.1715 -0.0697 0.2793 0.9392 0.1996 -0.0283 0.1117 -0.2383 0.9648 -0.0150
0.9528 -0.2506 -0.1712 -0.0698 0.2819 0.9397 0.1935 -0.0281 0.1124 -0.2327 0.9660 -0.0144
0.9512 -0.2553 -0.1733 -0.0697 0.2869 0.9384 0.1926 -0.0283 0.1134 -0.2329 0.9659 -0.0144
0.9513 -0.2561 -0.1714 -0.0700 0.2874 0.9379 0.1940 -0.0281 0.1111 -0.2339 0.9659 -0.0141
0.9507 -0.2604 -0.1682 -0.0699 0.2908 0.9372 0.1927 -0.0279 0.1075 -0.2321 0.9667 -0.0133
0.9487 -0.2663 -0.1703 -0.0697 0.2969 0.9355 0.1915 -0.0280 0.1083 -0.2322 0.9666 -0.0128
0.9481 -0.2657 -0.1746 -0.0695 0.2972 0.9359 0.1893 -0.0278 0.1131 -0.2314 0.9663 -0.0123
0.9493 -0.2600 -0.1769 -0.0696 0.2918 0.9379 0.1875 -0.0278 0.1171 -0.2296 0.9662 -0.0118
0.9504 -0.2566 -0.1758 -0.0697 0.2882 0.9390 0.1876 -0.0280 0.1169 -0.2289 0.9664 -0.0115
0.9503 -0.2582 -0.1738 -0.0698 0.2898 0.9378 0.1914 -0.0281 0.1136 -0.2323 0.9660 -0.0113
0.9485 -0.2620 -0.1779 -0.0694 0.2948 0.9356 0.1940 -0.0280 0.1157 -0.2365 0.9647 -0.0108
0.9482 -0.2619 -0.1798 -0.0695 0.2951 0.9358 0.1928 -0.0277 0.1178 -0.2358 0.9646 -0.0102
0.9504 -0.2563 -0.1762 -0.0696 0.2880 0.9391 0.1876 -0.0276 0.1174 -0.2290 0.9663 -0.0098
0.9494 -0.2604 -0.1755 -0.0696 0.2916 0.9385 0.1850 -0.0276 0.1165 -0.2269 0.9669 -0.0099
0.9476 -0.2675 -0.1749 -0.0696 0.2989 0.9355 0.1886 -0.0278 0.1132 -0.2310 0.9664 -0.0100
0.9474 -0.2693 -0.1727 -0.0696 0.3005 0.9344 0.1915 -0.0275 0.1098 -0.2333 0.9662 -0.0094
0.9484 -0.2686 -0.1684 -0.0696 0.2983 0.9359 0.1872 -0.0274 0.1073 -0.2278 0.9678 -0.0095
0.9476 -0.2731 -0.1656 -0.0696 0.3018 0.9353 0.1849 -0.0276 0.1044 -0.2251 0.9687 -0.0117
0.9479 -0.2743 -0.1622 -0.0697 0.3027 0.9342 0.1890 -0.0276 0.0997 -0.2283 0.9685 -0.0115
0.9488 -0.2740 -0.1568 -0.0697 0.3012 0.9345 0.1897 -0.0277 0.0946 -0.2273 0.9692 -0.0114
0.9492 -0.2751 -0.1527 -0.0696 0.3011 0.9351 0.1871 -0.0283 0.0913 -0.2236 0.9704 -0.0120
0.9508 -0.2730 -0.1464 -0.0700 0.2977 0.9358 0.1886 -0.0283 0.0855 -0.2229 0.9711 -0.0118
0.9501 -0.2780 -0.1414 -0.0702 0.3016 0.9344 0.1894 -0.0281 0.0795 -0.2226 0.9717 -0.0110
0.9496 -0.2806 -0.1399 -0.0701 0.3038 0.9338 0.1890 -0.0280 0.0776 -0.2219 0.9720 -0.0105
0.9498 -0.2823 -0.1349 -0.0702 0.3040 0.9347 0.1844 -0.0277 0.0740 -0.2161 0.9736 -0.0101
0.9489 -0.2850 -0.1353 -0.0696 0.3068 0.9336 0.1853 -0.0286 0.0735 -0.2174 0.9733 -0.0100
0.9491 -0.2828 -0.1387 -0.0697 0.3058 0.9328 0.1904 -0.0285 0.0756 -0.2232 0.9718 -0.0096
0.9499 -0.2803 -0.1381 -0.0693 0.3033 0.9334 0.1917 -0.0305 0.0752 -0.2240 0.9717 -0.0093
0.9507 -0.2777 -0.1381 -0.0691 0.3002 0.9357 0.1850 -0.0312 0.0778 -0.2174 0.9730 -0.0096
0.9520 -0.2754 -0.1334 -0.0697 0.2967 0.9375 0.1818 -0.0314 0.0750 -0.2127 0.9742 -0.0100
0.9513 -0.2804 -0.1282 -0.0700 0.3005 0.9362 0.1824 -0.0318 0.0689 -0.2120 0.9748 -0.0102
0.9503 -0.2857 -0.1239 -0.0699 0.3049 0.9347 0.1829 -0.0317 0.0636 -0.2115 0.9753 -0.0099
0.9501 -0.2877 -0.1203 -0.0696 0.3060 0.9347 0.1811 -0.0315 0.0603 -0.2089 0.9761 -0.0095
0.9512 -0.2867 -0.1137 -0.0711 0.3034 0.9362 0.1776 -0.0315 0.0555 -0.2034 0.9775 -0.0083
0.9515 -0.2899 -0.1032 -0.0753 0.3045 0.9356 0.1789 -0.0364 0.0447 -0.2017 0.9784 -0.0129
0.9510 -0.2930 -0.0990 -0.0755 0.3068 0.9342 0.1822 -0.0369 0.0391 -0.2036 0.9783 -0.0132
0.9518 -0.2917 -0.0947 -0.0754 0.3047 0.9344 0.1844 -0.0367 0.0347 -0.2043 0.9783 -0.0129
0.9534 -0.2879 -0.0906 -0.0753 0.3001 0.9358 0.1847 -0.0364 0.0316 -0.2033 0.9786 -0.0127
0.9531 -0.2898 -0.0869 -0.0754 0.3012 0.9362 0.1813 -0.0364 0.0288 -0.1990 0.9796 -0.0126
0.9526 -0.2926 -0.0837 -0.0757 0.3034 0.9352 0.1829 -0.0370 0.0247 -0.1996 0.9796 -0.0139
0.9522 -0.2952 -0.0787 -0.0758 0.3049 0.9343 0.1847 -0.0367 0.0190 -0.1999 0.9796 -0.0138
0.9504 -0.3011 -0.0777 -0.0755 0.3105 0.9325 0.1848 -0.0370 0.0168 -0.1997 0.9797 -0.0135
0.9512 -0.2996 -0.0731 -0.0762 0.3082 0.9319 0.1913 -0.0378 0.0108 -0.2045 0.9788 -0.0142
0.9522 -0.2999 -0.0582 -0.0834 0.3054 0.9298 0.2055 -0.0420 -0.0076 -0.2135 0.9769 -0.0131
0.9503 -0.3056 -0.0596 -0.0825 0.3113 0.9280 0.2047 -0.0408 -0.0073 -0.2131 0.9770 -0.0116
0.9493 -0.3086 -0.0606 -0.0823 0.3144 0.9281 0.1995 -0.0405 -0.0053 -0.2084 0.9780 -0.0114
0.9497 -0.3072 -0.0603 -0.0823 0.3130 0.9293 0.1958 -0.0406 -0.0041 -0.2049 0.9788 -0.0114
0.9482 -0.3113 -0.0634 -0.0825 0.3177 0.9282 0.1935 -0.0410 -0.0014 -0.2036 0.9790 -0.0119
0.9465 -0.3158 -0.0662 -0.0826 0.3226 0.9264 0.1941 -0.0413 0.0001 -0.2051 0.9787 -0.0118
0.9469 -0.3144 -0.0679 -0.0826 0.3217 0.9268 0.1941 -0.0410 0.0019 -0.2056 0.9786 -0.0115
0.9481 -0.3105 -0.0682 -0.0827 0.3178 0.9286 0.1916 -0.0407 0.0039 -0.2034 0.9791 -0.0111
0.9478 -0.3116 -0.0672 -0.0831 0.3187 0.9291 0.1877 -0.0407 0.0039 -0.1994 0.9799 -0.0112
0.9463 -0.3168 -0.0644 -0.0833 0.3233 0.9271 0.1895 -0.0412 -0.0003 -0.2001 0.9798 -0.0114
0.9449 -0.3210 -0.0646 -0.0831 0.3274 0.9255 0.1906 -0.0409 -0.0014 -0.2012 0.9795 -0.0108
0.9442 -0.3234 -0.0627 -0.0833 0.3294 0.9253 0.1878 -0.0407 -0.0027 -0.1980 0.9802 -0.0106
0.9442 -0.3241 -0.0589 -0.0832 0.3293 0.9256 0.1866 -0.0407 -0.0060 -0.1956 0.9807 -0.0102
0.9426 -0.3283 -0.0618 -0.0828 0.3340 0.9244 0.1841 -0.0406 -0.0033 -0.1942 0.9810 -0.0096
0.9421 -0.3292 -0.0646 -0.0828 0.3354 0.9244 0.1813 -0.0405 0.0000 -0.1925 0.9813 -0.0095
0.9436 -0.3249 -0.0636 -0.0833 0.3310 0.9262 0.1803 -0.0406 0.0004 -0.1912 0.9816 -0.0098
0.9437 -0.3275 -0.0469 -0.0933 0.3302 0.9239 0.1934 -0.0468 -0.0200 -0.1980 0.9800 -0.0159
0.9394 -0.3397 -0.0461 -0.0925 0.3417 0.9175 0.2036 -0.0464 -0.0268 -0.2070 0.9780 -0.0149
0.9370 -0.3456 -0.0515 -0.0919 0.3486 0.9143 0.2063 -0.0458 -0.0242 -0.2113 0.9771 -0.0138
0.9401 -0.3373 -0.0493 -0.0922 0.3400 0.9181 0.2038 -0.0454 -0.0235 -0.2083 0.9778 -0.0136
0.9412 -0.3345 -0.0479 -0.0920 0.3372 0.9201 0.1992 -0.0452 -0.0226 -0.2037 0.9788 -0.0133
0.9394 -0.3389 -0.0522 -0.0917 0.3422 0.9173 0.2036 -0.0466 -0.0212 -0.2091 0.9777 -0.0137
0.9378 -0.3433 -0.0515 -0.0922 0.3462 0.9146 0.2088 -0.0461 -0.0246 -0.2136 0.9766 -0.0137
0.9377 -0.3440 -0.0490 -0.0919 0.3465 0.9151 0.2064 -0.0458 -0.0261 -0.2105 0.9772 -0.0129
0.9375 -0.3445 -0.0493 -0.0919 0.3471 0.9151 0.2054 -0.0462 -0.0256 -0.2097 0.9774 -0.0132
0.9381 -0.3431 -0.0475 -0.0925 0.3452 0.9155 0.2067 -0.0463 -0.0275 -0.2103 0.9773 -0.0136
0.9377 -0.3450 -0.0420 -0.0926 0.3459 0.9148 0.2084 -0.0461 -0.0335 -0.2100 0.9771 -0.0133
0.9354 -0.3512 -0.0408 -0.0924 0.3517 0.9125 0.2091 -0.0461 -0.0362 -0.2099 0.9771 -0.0126
0.9357 -0.3505 -0.0396 -0.0924 0.3507 0.9127 0.2097 -0.0460 -0.0373 -0.2101 0.9770 -0.0123
