1.0 0.0 0.0 0.0 0.0 1.0 0.0 0.0 0.0 0.0 1.0 0.0
0.999934391138694 -0.0022410641669451427 0.011233478957510132 0.0007750433147462092 0.002228631083901912 0.9999968903102923 0.0011191841836488067 -0.00011150569443269571 -0.011235952188446419 -0.0010940754748638409 0.9999362761582731 0.007766837598503793
0.9998498294325414 -0.0043831225413104805 0.016766240500047526 0.0018502005969281703 0.004363657347698851 0.9999897623316886 0.001197383131714911 -0.00023084381411382713 -0.016771317129833638 -0.001124041191459238 0.9998587197465103 0.020001544469430924
0.9997913367938213 -0.007366105289340111 0.019053172042734254 0.0017382244086659394 0.007361830025950459 0.9999728579909744 0.0002945166052818799 -0.0006125049952690135 -0.019054824341690656 -0.00015418893646896076 0.9998184284634284 0.02866078964530054
0.9998155929384951 -0.008933691124098732 0.01699909644493895 0.001866577676750155 0.008956866768105616 0.9999590573475496 -0.0012876980613535354 -0.0007321357310509209 -0.01698689656009998 0.0014397192427734215 0.999854675717306 0.041327680132676514
0.9998654961023884 -0.011475464106946229 0.01171765452018693 0.0014212986854519037 0.011504870119204988 0.9999308270156686 -0.0024452294984266057 -0.0009075175085911196 -0.011688783831711942 0.002579710698884974 0.9999283561462023 0.0487371908988112
0.9999122405701039 -0.01324789308458988 -6.698427659775517e-05 0.0009483442395451734 0.013247416516166562 0.9999006365863402 -0.004819015446903788 -0.0006915163161211121 0.00013081942222497212 0.004817705164243385 0.9999883862341754 0.0621195515687153
0.9997870372919544 -0.012604481641114109 -0.016340352062723572 -0.0001275771724582258 0.012524180310131914 0.9999090315262719 -0.0050073525690299365 -0.0011635075759676777 0.01640198068936321 0.004801636674102139 0.9998539489919098 0.07810805515343107
0.999342282260136 -0.007678644637456958 -0.03544067301326461 -0.0015522506402149265 0.00750392998698003 0.9999590420488755 -0.005060163974012755 -0.0013304646196381036 0.03547807663687529 0.00479089148541746 0.9993589712595389 0.09380462027457044
0.9984932621801267 -0.0039369550151977205 -0.054733040899406914 -0.0036151595796756835 0.0036133459381187017 0.9999754102990184 -0.006010202029856633 -0.0017348561804711473 0.05475535692532133 0.0058033768201384475 0.9984829351097919 0.10927683750293817
0.9972256086340816 -0.003494230200061224 -0.07435641088496307 -0.005614221136350355 0.003056289020591503 0.9999773129246526 -0.006002727164530687 -0.0021335271974104145 0.07437569886600806 0.00575881856791513 0.9972136638789578 0.12426382495657914
0.9954592668946898 -0.00510489213651451 -0.09505150198581809 -0.007918966737526581 0.004622736874294079 0.9999753118088481 -0.005292076774384132 -0.0024395436958157867 0.09507617081727947 0.004828648782991931 0.9954582893791453 0.14180759174124516
0.9933970563337695 -0.00641759408493242 -0.11454738300616432 -0.010734671369431755 0.005936355730168661 0.9999720652703721 -0.004541845390293429 -0.002674568119365433 0.11457333087610222 0.0038318618275560708 0.9934074031770096 0.16118058972856042
0.9911867296627771 -0.005265564096006955 -0.1323674460551272 -0.014653968773350977 0.004770805492652716 0.9999803994793868 -0.004054635864671277 -0.0028863436234341116 0.132386201529304 0.0033874019239888103 0.9911924228689643 0.18320338690280763
0.9889572394411059 -0.003933346850358917 -0.14814893634305712 -0.018776227321848776 0.0034897617122777664 0.9999886164516246 -0.0032540022057071785 -0.0032727066117027716 0.14816004900180071 0.0027010645527268244 0.9889597080417714 0.20694292632194589
0.9867966705188941 -0.0033753786015192993 -0.1619288049487161 -0.023335234489516934 0.002824120522015979 0.9999894077720267 -0.0036343757409734554 -0.0034559234572516606 0.16193935715600496 0.0031290834194461193 0.9867957506195767 0.23214869552633194
0.9847525237964719 -0.004600572803623296 -0.17390026338782572 -0.02822036500596166 0.00387667521201677 0.9999823508399068 -0.004502154816515533 -0.003870356345624929 0.17391790668524384 0.003759353477647391 0.9847529786680784 0.25717358237612237
0.9829622114111182 -0.008357047168672126 -0.1836176753484873 -0.03359847757211581 0.007216357953383939 0.9999502960886812 -0.006879646069752008 -0.004272311435402832 0.18366604235854428 0.005437381242566315 0.9829736617883373 0.28195183528692724
0.9815739097193918 -0.007429612445092885 -0.19093836863527494 -0.037928899540512186 0.0059418926124764635 0.9999473758127242 -0.008362984959117577 -0.004681227581503853 0.19099045439593645 0.00707435256121337 0.981566401149445 0.3011803560151136
0.9799839820135011 -0.00683658974798468 -0.19895893052983785 -0.0438718078785982 0.004891022796132039 0.9999353151001622 -0.010268569108956184 -0.004878056432775577 0.19901626288564178 0.009089920580260306 0.9799540297640893 0.33374136739265436
0.9783334796029433 -0.007539205198106755 -0.20689795328368255 -0.051253141055973186 0.004979481045041894 0.9999045231629543 -0.012889892427162887 -0.00568179939806823 0.2069753788655025 0.011580368873339597 0.9782776127461157 0.3641002141782293
0.9765653675654687 -0.01162217331916178 -0.21490697512891258 -0.058041944718880814 0.00868438594976997 0.9998555655780126 -0.014609223913158227 -0.0064724819175689206 0.21504572609655678 0.012400527005282297 0.9765252493497523 0.39639889097265685
0.9746938904181667 -0.017885506368096358 -0.2228271272611449 -0.065456568365964 0.01464586820258477 0.9997617764458406 -0.016182981877450122 -0.007067636828597791 0.22306348541635046 0.012509956826871005 0.9747236441443797 0.43209894637374363
0.9727090008325168 -0.018269165035407094 -0.23130810039493566 -0.07421959394922548 0.014337768801718343 0.9997229636157688 -0.0186661298904916 -0.008124244589253853 0.23158503424270144 0.014840270489762624 0.972701464112498 0.4653500738838872
0.9706662099605418 -0.014117837725466322 -0.24001624007302716 -0.08363847538314301 0.008907005590017818 0.9997007938348297 -0.022781309387874316 -0.00912276207984777 0.24026604856336897 0.01997522124944045 0.9705015283057418 0.49986734593570015
0.9684069419825885 -0.011200390941523843 -0.24912355561585608 -0.09341592315575598 0.004910243811209615 0.9996536123296857 -0.02585623448842753 -0.010185073496402214 0.24932686222235304 0.02381609957493304 0.9681264944083455 0.5358619059933727
0.9662249382817591 -0.013566724170275863 -0.2573427920842091 -0.10069716763963314 0.0067122718058214735 0.9995993958884757 -0.027495329541483697 -0.01121766480981103 0.2576127210554902 0.024839318321517968 0.9659289281389745 0.5621891256006563
0.9639666781632094 -0.016060917846792172 -0.265537738012706 -0.11035683718160046 0.008413452109230852 0.9995171140642815 -0.029912414081972667 -0.012370614320658845 0.26588993439878805 0.026600481396477662 0.96363631997496 0.5961798557869533
0.9617441242551252 -0.015561592338187762 -0.2735069949830169 -0.12124770664039185 0.006896905301101924 0.9994442577618501 -0.03261300851082541 -0.013731519871436202 0.27386250593684386 0.029479017465981347 0.9613169692516781 0.6314417642290197
0.9596744923590071 -0.014442621654435087 -0.280742371927051 -0.13198892825178174 0.004502593211488067 0.9993409594094 -0.03601907135208514 -0.01518550188727386 0.28107756112833315 0.033302515317038865 0.9591070571649997 0.6624770163484811
0.9575015858844245 -0.01525452614093316 -0.2880243261619151 -0.14250182443625234 0.0035707654516791364 0.9991508326930695 -0.04104708470561341 -0.016968560020567888 0.2884058991471897 0.038274181388454544 0.9567429771762864 0.6950645348758175
0.9559073143074351 -0.01655239882184505 -0.29320167896310984 -0.1552319956749644 0.00235455437629341 0.9988101690771427 -0.04871039131205263 -0.0191381474109645 0.2936590923626123 0.04587226004162887 0.9548089197485744 0.7305866524705186
0.954772707652872 -0.017217745127802747 -0.29683770982460367 -0.16742358669388913 0.0003288637819898677 0.9983825459293701 -0.056852298389744024 -0.021317111940936655 0.2973364568461372 0.05418340369797414 0.9532340689431361 0.7648288057928533
0.9535379997762995 -0.01698779152072776 -0.3007934472721447 -0.1774507271908859 -0.0028751718087011687 0.9978504147349004 -0.06546971208468873 -0.02329002921352958 0.3012590519298681 0.06329269114700282 0.9514394457229989 0.7945546046532509
0.952153143647244 -0.016350948396040326 -0.30518361281238315 -0.18701613286276147 -0.0067081367423215766 0.9972091362737797 -0.0743568385122898 -0.025543163535331967 0.3055476917669568 0.07284631094740805 0.9493861295791287 0.8243319972409182
0.9508546701484243 -0.01590770058571984 -0.3092286230590631 -0.19606799460677324 -0.009770970561781424 0.9966405283919695 -0.08131534480558246 -0.027745217076237078 0.309483318437699 0.08034053913588732 0.9475048672065726 0.8498069827281581
0.949347904869286 -0.01390102815703449 -0.3139192841105373 -0.20476131639088258 -0.014398644264125798 0.996047160499853 -0.08765120138098118 -0.030229818499512187 0.3138968533828436 0.08773149648986653 0.945395129012202 0.8741868033608373
0.9477203922132763 -0.012888712848398192 -0.3188415582451935 -0.21292488362071682 -0.01788164674771416 0.9954688651143709 -0.09339156973458532 -0.032610671049814514 0.31860054126241216 0.09421050721130539 0.9431956718721128 0.8977009158449277
0.9460088720854366 -0.011006088601011314 -0.32395382379182464 -0.22169772409787047 -0.02222358524433169 0.9948693275847191 -0.09869717974699398 -0.03537267358555531 0.32337799274923806 0.10056782310873162 0.9409106157125895 0.9230984670158453
0.9444036879054809 -0.008285958120881676 -0.32868376468658056 -0.23024042193679076 -0.02677361918926612 0.9944243159462619 -0.1019973194270854 -0.03785324325330204 0.3276962733783116 0.1051266985728252 0.9389161462351922 0.9459740312929886
0.9426454734883303 -0.0071239348599922096 -0.3337195841781987 -0.23911599937804473 -0.028997187372292114 0.9942449674412938 -0.1031315075141955 -0.0405457760753214 0.33253371924732084 0.10689337804450229 0.9370139440231283 0.9692157174012344
0.940435026916418 -0.006454607257811424 -0.33991219188764216 -0.24770968964264614 -0.030173797078070896 0.9942894304908124 -0.10236244616137687 -0.04311655009766472 0.3386318090767697 0.10652167131338433 0.9348698473167251 0.9925430373964998
0.938239731470221 -0.005894295624644778 -0.3459356350100034 -0.2572239860644007 -0.030921637805341514 0.9944251830174193 -0.10080876795299853 -0.04600442703102002 0.3446013038369425 0.10527968778380498 0.9328269554070697 1.017287994885614
0.9357667069543907 -0.00597267417714826 -0.3525691383528995 -0.2652647598315632 -0.030941192549258662 0.994609134790197 -0.09897126651468133 -0.04833729240562704 0.35125960877869583 0.10352292574625177 0.9305373131076332 1.0379160379524297
0.9326393946741135 -0.005056892709653854 -0.3607744272229158 -0.2740524776033988 -0.03159869522650301 0.994915150093929 -0.09563140997366637 -0.05100966010475279 0.3594235411904497 0.10058962148100502 0.9277372721241853 1.0597831852937296
0.9295231214271298 -0.002803659783225054 -0.3687531779174006 -0.28364826291567874 -0.032707393231084604 0.9954032632743555 -0.09001427603877699 -0.05339750463265768 0.3673104860474171 0.09573130603192347 0.925158647954518 1.083026472282948
0.9260959031603241 0.0008892659254773362 -0.37728714178431055 -0.2955455283138928 -0.035516484753724285 0.9957620414540433 -0.08483240011934001 -0.056321409730110746 0.37561277595470505 0.09196285122473634 0.922202730712839 1.110475977257402
0.9225849994982271 0.004981330091077643 -0.3857617205625478 -0.3060361688442102 -0.03901966084457074 0.995993971837037 -0.08045790285516555 -0.05890332817707598 0.3838155608732254 0.08928154576842945 0.9190834678182231 1.1341353933434213
0.9189472786906009 0.006268973995592284 -0.39433057065383376 -0.31772530920734465 -0.040493552396683834 0.9960889668940679 -0.07853051792901741 -0.061502642327723296 0.3922960249625694 0.08813325136941902 0.9156070984880039 1.1595099404184586
0.9150283296418762 0.006137348195251872 -0.40334289247478267 -0.33005836015748896 -0.04108766123833917 0.9961020095595152 -0.07805504881462275 -0.06394114672339887 0.4012916147227071 0.08799499706585509 0.9117137272437121 1.1866333595584533
0.9111546999440717 0.006239067222669451 -0.4120172166427216 -0.3438516608295529 -0.04158784167807734 0.9961722804999772 -0.0768845822517615 -0.06657460192289634 0.40996044223117895 0.0871886552463086 0.9079265246714383 1.2165862254653395
0.9075357927844502 0.006978708963242799 -0.41991675655575056 -0.355876030823865 -0.042404638004841164 0.9962748264151952 -0.07508872703039249 -0.06878147992867428 0.4178284713740482 0.08595212546861596 0.9044509940492368 1.2408944441974825
0.9037752956659104 0.005838214856808458 -0.42796744057378616 -0.36917425412929533 -0.04086413271210845 0.9965161975453565 -0.0727020679721333 -0.07121714385697873 0.4260520362604537 0.08319485126510628 0.9008652946591389 1.2677716435452595
0.8999587117258254 0.006440538463939631 -0.43592755895112034 -0.382682074054656 -0.04033446145972953 0.9968325676818671 -0.06854168970431779 -0.0734936329096747 0.4341053425236113 0.07926759409155677 0.8973679290677786 1.2950120910189915
0.8962857598567422 0.008630739134835894 -0.4433929938778954 -0.3975908828658224 -0.04066358156225016 0.9971981629923463 -0.06278771264518027 -0.07584222219778952 0.441608774610002 0.07430567990853598 0.8941254700100997 1.3242973044858146
0.8923998820268413 0.008782719703146182 -0.4511599654148079 -0.41453830379815454 -0.03937892565441661 0.997511982713081 -0.058473451737654406 -0.078539943519653 0.4495239156850045 0.06994789616870363 0.8905254297597527 1.357325121863268
0.8886909068820927 0.007811696064953709 -0.45844023539570283 -0.43147188033854433 -0.037877661089110844 0.9976880283752647 -0.05642588791582423 -0.08119889039520382 0.4569395526932392 0.0675098173694715 0.8869321674983054 1.389641047040393
0.8853740233709956 0.006944882546474698 -0.4648275027859974 -0.4475314982577099 -0.03682934228066754 0.9977935043899311 -0.0552423944487186 -0.08330017338159372 0.4634182110006303 0.06602947223528281 0.8836762249315663 1.4201029218454355
0.8824079544245933 0.007677021088662035 -0.4704224328360678 -0.4625031398721385 -0.037057634203314455 0.9978946019850857 -0.05322682665982481 -0.08511264698493709 0.46902338290905476 0.06440051767047993 0.8808346267082817 1.4473627839662446
0.8793881919174209 0.006124116529283696 -0.4760660701131099 -0.48006098265053837 -0.03501979378277762 0.9980406926772242 -0.051849684702732615 -0.08734825491179231 0.4748157768646872 0.06226773608456205 0.8778796654913955 1.479363877437656
0.876862606542491 0.004892086677932305 -0.48071617066148314 -0.49682409777626413 -0.033839438143416535 0.998095983409405 -0.05156840435910704 -0.08941438341078532 0.47954860199321037 0.061485570583202115 0.8753585910564957 1.509070147962171
0.8747950749911254 0.004456174842256639 -0.48447261973928174 -0.5136777906394683 -0.03380007619270329 0.9980826634420342 -0.051851246714201125 -0.09162497035076256 0.48331266445297594 0.06173442671819841 0.8732684174623163 1.539130909597151
0.8735770325076617 0.004944538744706195 -0.48666078515913536 -0.5301803760069335 -0.034755924072334056 0.9980291299322929 -0.052248268377652445 -0.09353902254243802 0.4854432963972025 0.06255723254098607 0.872027177695643 1.5678196686021995
0.8730332222788278 0.004899963218262493 -0.487636117569138 -0.5480452075731634 -0.034213293754040745 0.9981009718094617 -0.05122402369496387 -0.095645619868921 0.4864590870031541 0.061403912199973265 0.871542951459418 1.5991159796275218
0.8727938470837661 0.00530334287973753 -0.48806021661985 -0.5660704189842508 -0.033777658408112955 0.9981999325566882 -0.04955768796344359 -0.09790281190492821 0.48691885390194106 0.05973917640976483 0.8714018937991245 1.6314911122554023
0.8724376727805937 0.003991563334789628 -0.4887090898840758 -0.5848196033838418 -0.03204222155399148 0.9982823266281695 -0.04904785805443221 -0.10022834174846755 0.48767386966195164 0.05845052406939588 0.8710670083782007 1.6645430117169493
0.8718055969345809 0.0023204549910680137 -0.48984652355831715 -0.6045425241476452 -0.030714796887563484 0.9982800304446766 -0.04993577943244013 -0.10255338997051897 0.4888881287224003 0.05857982847366389 0.8703773901534343 1.6994151886624846
0.8707394919424004 -7.255298403888733e-05 -0.49174457994771076 -0.6248281102015817 -0.028350491367994245 0.9983292718667967 -0.05034793514235029 -0.10481164318532117 0.4909266613365782 0.05778113593526341 0.8692826660637776 1.7339986601868258
0.8692714356329753 -7.621418180544455e-05 -0.4943350739973653 -0.6431036445141508 -0.027406189989121657 0.99845455006669 -0.04834679101447301 -0.10694295576490612 0.49357478860134507 0.05557432538965551 0.8679259314104056 1.7650719656798373
0.867224990823626 0.000592012958962892 -0.49791612226520054 -0.6623735313129485 -0.026185627645032458 0.9986696881192547 -0.04442034372468339 -0.10914484366454666 0.49722744111301165 0.05156067835511476 0.866086813345963 1.7977765927690827
0.8644678398260659 0.000511479985104201 -0.5026878676621074 -0.6816404859937926 -0.024086233747692257 0.9988930514945906 -0.04040451731762109 -0.11126381966478348 0.5021107519763969 0.04703626328741533 0.8635232380692787 1.8304211798646455
0.8604936399523109 0.0004470565672554003 -0.509460985495499 -0.7031479336233053 -0.02345974896676362 0.9989736068755465 -0.03874755404500261 -0.11334601379477076 0.5089207558943097 0.045293850647515725 0.859620923031474 1.8659472658176324
0.8553124895869232 -0.0029488577424963696 -0.5181040912737815 -0.7221444583228952 -0.02122135744893038 0.9989452554904061 -0.040718920924119426 -0.11554049711470267 0.5176776981333474 0.045822273745574245 0.8543477746703286 1.8969746659771667
0.8493139958999593 -0.006504537989982984 -0.5278479206684232 -0.7418647001196625 -0.019573411317892257 0.9988484514582093 -0.04380242674681451 -0.11755470621929842 0.5275249927139206 0.04753379855498822 0.8482086536089513 1.9285011067573987
0.8430901095420977 -0.006633601227283342 -0.5377314037017442 -0.7627931617620043 -0.01961229200316432 0.998879458177695 -0.04307187055387094 -0.11968486628624958 0.5374145747880995 0.046859613372114216 0.8420152916900857 1.9612706854449242
0.8373405991033204 -0.002959686276899438 -0.5466735418423243 -0.7850108802361101 -0.021208590703392136 0.9990566710472553 -0.03789411189545277 -0.12176559774452696 0.5462700035455592 0.04332445375433226 0.8364879406980241 1.994512069427479
0.832178523542981 0.0011004407221757568 -0.5545067122984516 -0.8080947208465593 -0.023628904467061895 0.999160085921277 -0.03347831500337783 -0.12368419731369142 0.5540041334029083 0.04096232088146042 0.831505567293746 2.0284661811906703
0.8282538401367823 0.0013959287805405244 -0.5603513430710326 -0.8312288974827047 -0.02527664711477984 0.9990720697502035 -0.03487248995514755 -0.12572017394080312 0.5597826965969077 0.0430470768795798 0.827520562743196 2.0618343354996216
0.8250812860008053 -0.0005255314084541133 -0.5650138009889607 -0.8531593185211375 -0.026069882263062557 0.9988991308058556 -0.03899856041045876 -0.12769575853039786 0.5644122896695682 0.046906825644426976 0.8241592788884418 2.092399097085536
0.822236566848675 -0.00244192489638039 -0.5691406373996692 -0.8751885794689377 -0.028781821440691756 0.9985329141449596 -0.045865304138559396 -0.12991332292166954 0.5684176588490704 0.05409303441263606 0.8209599921656188 2.123421767790713
0.8190870764752965 -0.0037230169538547873 -0.573657127817575 -0.8961645772998932 -0.028392483994384262 0.9984903573971653 -0.04701992170880334 -0.13202583471763252 0.5729661665436953 0.05480096102838376 0.8177448420299487 2.1529030433912846
0.8158334318990038 -0.0022016712174018713 -0.5782827716954235 -0.9200829449785508 -0.027965672033052984 0.9986725477954751 -0.04325579114321347 -0.13419576551563556 0.5776103639856469 0.05146158687347129 0.8146888807961177 2.1859666615735245
0.8124738483748284 7.643269329682588e-05 -0.5829976328125501 -0.9447259703278437 -0.02741442477421523 0.9988987968813716 -0.03807417633039895 -0.1363414425805007 0.5823527238893051 0.04691681731514437 0.8115812449975185 2.2202006156620913
0.8093540119301869 0.00160486648805198 -0.5873189148802068 -0.968882172993944 -0.027637434275662936 0.9989925570156316 -0.03535595075825212 -0.13819998041708237 0.5866704829793018 0.04484746850065086 0.8085829883010857 2.253381102374949
0.8063556225534293 0.0018127436823301253 -0.591428206916791 -0.9921177846948357 -0.028585020343526255 0.9989460881029981 -0.0359111358170229 -0.1399340783072056 0.5907397960087245 0.045863133604785965 0.8055576120846465 2.2840432904469488
0.8028903179910335 0.0003327881789605516 -0.5961266866432685 -1.0145554362864808 -0.028334260469262792 0.9988909308136549 -0.03760422877658214 -0.14189637089868032 0.595453026661142 0.04708288001226467 0.8020092863862821 2.313532877334174
0.7992243075922147 -0.0021778650363522487 -0.6010289203171716 -1.0358963716652965 -0.027420383175890396 0.9988200891105895 -0.04008181851653595 -0.14373373670174205 0.6004070525403826 0.04851480694580199 0.7982215762348066 2.3408723982034485
0.7951290217773282 -0.003391034050135524 -0.6064308201398543 -1.058270870645387 -0.02643941906944789 0.9988397072412281 -0.040251662791976825 -0.14563779499487556 0.6058636776096554 0.04803894385100021 0.7941167823607439 2.3694283218558274
0.7907275843506316 -0.003179187665215042 -0.6121599301757672 -1.0828119949714679 -0.026570538316716293 0.9988658916732098 -0.03950869455493112 -0.14745357208669935 0.6115912800560285 0.047506033486959344 0.7897463408853259 2.400825668856511
0.7856916161903138 -0.0031218186541534547 -0.618610490128109 -1.1074655960428994 -0.02649873300015908 0.9988995838722815 -0.03869675036950889 -0.14964419353743125 0.6180505654051581 0.046796106548132876 0.7847443042254573 2.4323142465074348
0.7800273922372672 -0.004448727272353118 -0.6257295551475737 -1.1334867072365058 -0.0261482384642306 0.9988695411192035 -0.039697725999359675 -0.15182399649260267 0.6251987979712874 0.047327039311143765 0.7790292769628724 2.4649089736208887
0.7747433124899078 -0.0058269948297902975 -0.6322490378667368 -1.1564911682395118 -0.02544589079552949 0.9988600650461946 -0.04038659551787729 -0.15375749572734781 0.6317636475722415 0.04737738476484394 0.7737118824336727 2.492732676768821
0.7692182173661478 -0.006986099361991371 -0.6389479857451199 -1.180169944944203 -0.024919607255652572 0.9988515636966095 -0.04092147205383114 -0.15579610956420525 0.6385000761521222 0.047399874646803536 0.7681607283877497 2.520794566018512
0.7632962923582183 -0.008535671728890977 -0.6459921921976531 -1.2039960786066692 -0.02417645796456601 0.998834934866562 -0.041764479769161006 -0.15790809410692108 0.6455960571072912 0.0474964756401731 0.7622006401527608 2.549160625639214
0.7570877095720434 -0.010736299872326108 -0.6532250239236125 -1.2306409270395458 -0.022869481321158902 0.9988166393552925 -0.04292211284514627 -0.16008707340032127 0.6529128478128257 0.04743472158705778 0.7559462681625599 2.579996118983918
0.7508241363028171 -0.012163639362024487 -0.6603901590897576 -1.255187665512239 -0.021618122226581767 0.9988421874596408 -0.04297605545214894 -0.16196900396731734 0.6601482963217598 0.04654385489299412 0.7496918676597575 2.6081357199961084
0.7446188563286084 -0.01208819033170203 -0.6673804270836657 -1.2821004898906179 -0.020641964939223403 0.9989407754868589 -0.041124644109709216 -0.16416065012269387 0.667170643901034 0.04439822884087625 0.7435806137820367 2.6377736829715714
0.738109543601771 -0.012610736417880178 -0.6745630222380857 -1.3105562277704899 -0.020032766436698404 0.9989748236713698 -0.040595442350564545 -0.16625280858350042 0.6743834146187723 0.04347724689701468 0.7371002232324845 2.6685879836584894
0.7322028878909793 -0.014161187853944658 -0.6809393451128167 -1.3355437142601945 -0.01912023641925967 0.9989623935067333 -0.04133464549937282 -0.16827017740999284 0.6808181457066047 0.04328506807032168 0.7311723841603741 2.6942357768433687
0.7255513189555581 -0.016170095473184747 -0.6879780603872729 -1.363438750484925 -0.018665140587039823 0.9988937017140807 -0.043162312296674096 -0.17026676939448898 0.6879148901490022 0.04415767983394931 0.7244468256697425 2.723651294103697
0.7195603824041926 -0.015288172272823503 -0.6942615702045486 -1.3918052121926474 -0.02010390909042745 0.9988799735330824 -0.042832596393620706 -0.17245687103805812 0.6941388109835203 0.044778010932726264 0.7184471037058272 2.7524047644648655
0.7144025777760007 -0.014913520460786952 -0.6995759742690336 -1.4252953583441295 -0.02055111772357015 0.9988943711972191 -0.04228104481692045 -0.174772975490385 0.6994330621491355 0.044582755612053264 0.7133062241945723 2.7858258239978935
0.7095626808536316 -0.014201248708400628 -0.7044992026077292 -1.4571336388511162 -0.02174060305114929 0.9988796921406544 -0.04203221155197635 -0.17719220337563132 0.7043068565041658 0.04514072622477158 0.7084590084945769 2.8170287219862975
0.7045478470640661 -0.015204499477575977 -0.709493590100025 -1.4891316497453846 -0.02170243819745079 0.9988412047626936 -0.042956394686740416 -0.17970331872250905 0.7093245627874974 0.045662576184808894 0.7034014456642026 2.8488784068698387
0.6998014082988475 -0.0169301735362297 -0.7141367923353199 -1.5200151659781214 -0.022162304577824227 0.9987232779386823 -0.04539434281053022 -0.18224746767982408 0.7139935722390988 0.047593942129573824 0.6985327447398696 2.8778595631088972
0.6946606062065629 -0.019697312738915583 -0.7190679092099667 -1.5529813272208242 -0.021466954295047583 0.9986121475053327 -0.04809312558015917 -0.1847613584477862 0.7190172543534852 0.04884459771192582 0.6932736784389941 2.909396313313286
0.6899475873306179 -0.01981774312917727 -0.7235879931244869 -1.582288783295834 -0.021891909542775933 0.9985966173804159 -0.04822385356801224 -0.1873055867311574 0.7235282102539126 0.049112654312753294 0.6885454786382119 2.9365159211499408
0.6851342065531926 -0.01956563572376038 -0.7281540392729065 -1.6172940449409154 -0.021408918930105613 0.9986664539206855 -0.04697842061749355 -0.1899124239817278 0.728102174973383 0.0477755137303094 0.6838016694092172 2.969234454800413
0.68012823968893 -0.019469965996981833 -0.7328345638694389 -1.6522117342218046 -0.02087712046279857 0.998727407079198 -0.04590982672620669 -0.19274017320850126 0.7327958265566327 0.04652404510492167 0.6788562364803428 3.001145145939979
0.6752605574198485 -0.02021690547607385 -0.7373021472408743 -1.6876312859435671 -0.020473907346266067 0.9987253202918343 -0.04613625175431477 -0.195568387937543 0.7372950553957421 0.04624944692569178 0.6739858974400392 3.0328518759782916
0.6704025853486002 -0.021604380475082702 -0.74168296751523 -1.729845064323766 -0.019225126667445948 0.998734690647731 -0.04646947601802379 -0.19873364198112053 0.741748453360391 0.04541220585984317 0.669138971736372 3.070984735185792
0.6659082919526574 -0.022550621961995927 -0.7456927089343296 -1.7662595369332446 -0.017882046568962973 0.9987733974685226 -0.046172859123927955 -0.20145457471096326 0.7458192670608602 0.044081401501083105 0.6646882358839369 3.1035208047354645
0.6619900235868286 -0.023448840312612577 -0.7491457538820476 -1.802954194467059 -0.016602066357096025 0.9988065075797214 -0.04593399404647185 -0.2042781001140413 0.7493287529944282 0.04284521331934568 0.6608106443085147 3.1353822055968905
0.6578099557199443 -0.026659017571977917 -0.7527120026529535 -1.842449877024463 -0.013669272180106922 0.9987862406959944 -0.047320147869762574 -0.20719133675775495 0.7530599001100718 0.04141668961236457 0.6566471233986799 3.17000497426126
0.6537829219526606 -0.031471565811485976 -0.7560274012946967 -1.8792716462156398 -0.010205745781127408 0.9986770668077921 -0.05039800576632944 -0.21006279443163006 0.7566133317065543 0.04066517893167608 0.6525968200247085 3.2014269797026036
0.6490619090713957 -0.03586953871013211 -0.7598894751115556 -1.920160454371545 -0.00597501411324105 0.9986165846032344 -0.05224190044117275 -0.21311524395105974 0.7607121251820181 0.038448577972158414 0.6479496658329073 3.2361260337996445
0.6423705486687579 -0.039460097188584314 -0.7653776707827737 -1.9606957670581735 -0.0008194263472459832 0.9986376799457739 -0.05217387021269477 -0.2165343025326022 0.7663937674221136 0.034142128263732544 0.6414630997447643 3.270247729382152
0.6340219828600171 -0.04301600129915504 -0.772117704033835 -1.9969448965502423 0.003912743581910032 0.9986173694916576 -0.05242174918114896 -0.2196558568905844 0.7733051245710938 0.030215442769884675 0.6333136753065612 3.2999156767862154
0.6249633226728284 -0.04386341070027791 -0.7794208404421031 -2.034120090075488 0.0069791819686999 0.9986942423893846 -0.05060732394948203 -0.22276964793334675 0.7806229155826685 0.02618800145140528 0.6244534027829415 3.3294726755265174
0.6166276920509437 -0.04215513850283747 -0.7861254567139592 -2.0727180207012457 0.00720382667200139 0.9988256615191337 -0.04791036184513228 -0.22566886698731015 0.7872219472786609 0.023879744317273403 0.6162072407349125 3.358708256003717
0.6078378305219285 -0.04185350744998771 -0.7929574110256659 -2.1138178380724124 0.006456277300663273 0.998837441488918 -0.04777114153205547 -0.22874250457767417 0.794034941466566 0.02391755409720185 0.6074014013288034 3.389645937031982
0.5984281764640952 -0.04314180928964203 -0.800014063567055 -2.156658280833109 0.005769015865005292 0.9987552885474226 -0.04954383972291775 -0.23199673225089698 0.8011556877847202 0.025033135835468536 0.5979321918415454 3.4213850363059013
0.5882766894665451 -0.0454916509575298 -0.8073791218030337 -2.1982076806740505 0.006338917212529943 0.9986451397626115 -0.05164981081353431 -0.2349630840161404 0.8086348710999638 0.02526647030472389 0.5877680245806886 3.451938952882148
0.5784221742258122 -0.047450036642916055 -0.8143563608067831 -2.241713973020136 0.006821501305092815 0.9985532459574994 -0.053337436268291696 -0.23803842954652724 0.8157090507551256 0.025296422875881266 0.5779090200938686 3.4824100403197114
0.5687532628851217 -0.048324440963659884 -0.8210873731601739 -2.280502861463369 0.009807120651558277 0.9986000437831629 -0.0519785815579699 -0.24096781615453738 0.8224497226834308 0.02151048492718218 0.5684309568418523 3.5089245199891566
0.5583294963883745 -0.04859972017107978 -0.8281945669116612 -2.3249966517604235 0.011034009264812924 0.9986293858599472 -0.05116248954572314 -0.24420402423438511 0.829545914402721 0.01942722049766728 0.5581004918484544 3.539404836441834
0.547952535554452 -0.04951117226910423 -0.8350429106339285 -2.377681216707111 0.011560867640882003 0.9985997494125235 -0.05162254171021175 -0.24807524240527729 0.8364295338633349 0.018632882057579438 0.5477576568039841 3.5734758672714126
0.5381252994413764 -0.05027498093270719 -0.8413641235477908 -2.422424731541982 0.011179144670184488 0.9985574080926498 -0.05251789664218988 -0.251593859368183 0.842790714724344 0.018855477599165112 0.5379110355244029 3.6013489891462775
0.52836393954414 -0.05047240919932 -0.8475164206662963 -2.467295520336818 0.00959165917523175 0.9985225521561535 -0.05348563274201495 -0.2550313621976379 0.8489638081000055 0.020130790972138234 0.5280674235276903 3.628843234663591
0.5186288355572064 -0.05153978419166529 -0.8534446564212881 -2.5148948550761943 0.008362330530584633 0.9984395046962056 -0.055214372133338255 -0.2585043832480537 0.8549585968669324 0.021498979218979045 0.518250510405796 3.656888130387001
0.5088198913317454 -0.05132682110994149 -0.8593415360727633 -2.5569101734245576 0.007412612582437808 0.9984452478407163 -0.055246178501130325 -0.26165376053761974 0.8608410836849355 0.02174038865853479 0.50840926834699 3.6816765962276805
0.5000373237959719 -0.04916307116759195 -0.8646072329354701 -2.6050319706099274 0.006584502417893265 0.9985742583997556 -0.052972585261358764 -0.26532139219386225 0.8659788214147458 0.020795261352852756 0.499648114142738 3.709273956017685
0.4924592640699691 -0.04784791773973653 -0.8690192460467339 -2.6532678244572723 0.007585362680111551 0.9986856898667331 -0.05068880673682521 -0.26884338302496197 0.8703024391007286 0.018370346304940683 0.4921749636785275 3.7356135341605894
0.48437884642008927 -0.04823788838861456 -0.8735274690955911 -2.701050190464299 0.007870459352894146 0.998678610112371 -0.050784737604733704 -0.2723349818496524 0.8748229472357933 0.01772399017757492 0.484118447450483 3.7621904775980894
0.47644592338178654 -0.05150388945549775 -0.8776939281229139 -2.7518404666500964 0.010063464316724604 0.9985367761692078 -0.05313222490669461 -0.2760991213415328 0.8791461816892712 0.01648199043032827 0.476267083906321 3.7900865570488356
0.47005606123547233 -0.055315250996254166 -0.8809015395054166 -2.794098039233271 0.013379988521729733 0.9983661605783302 -0.055551645513222905 -0.27939887648826095 0.8825351410583908 0.01432593519773843 0.47002818253563994 3.8119583568121365
0.46363840298999875 -0.057901572014894494 -0.8841305555352588 -2.8422255613715 0.01459211679023776 0.9982260725280911 -0.05772155795460057 -0.28325008127148676 0.8859043409987699 0.013860594623977606 0.46366084859108514 3.8368236734592274
0.45738570650582067 -0.061757717510653905 -0.8871213557411656 -2.8856429628152376 0.016875819014896716 0.9980087394481141 -0.06077633353326578 -0.2867517433888468 0.8891082736184323 0.012827326808208613 0.45751714445494474 3.859859675557381
0.45236285183572394 -0.06258699902142759 -0.8896351599574629 -2.9298081068851487 0.0195695094053283 0.9979909110323627 -0.06025923828271397 -0.2904729614712726 0.8916192486598116 0.00984931724892037 0.4526788114867357 3.882345258986884
0.4479392666626724 -0.059754134458657834 -0.8920649397867857 -2.9750906607317043 0.021169807287729304 0.9981932188054911 -0.05623288353016014 -0.2943670713227832 0.8938133209127669 0.006304073747403226 0.44839492193052183 3.9055744468665443
0.4440674132290818 -0.05794243064742378 -0.8941178933668077 -3.018640833891062 0.02446612585163379 0.9983188622189126 -0.05254386761298146 -0.2977570439071873 0.8956592774006447 0.001457418466639511 0.4447385015237249 3.9273332049908456
0.44042466571015654 -0.05720071445049242 -0.8959655083207432 -3.0625719323709313 0.02568747463690068 0.998362571253827 -0.05111095739866605 -0.30117436139327025 0.8974220119213012 -0.0005045649440919251 0.4411728436036616 3.949435421246767
0.43787855092613515 -0.05735086753063349 -0.8972030163972419 -3.1082746282004647 0.027211687412735063 0.9983514676179931 -0.05053584048112021 -0.3044806975694463 0.8986222224644683 -0.0022858474282561304 0.4387173078356428 3.9710932842711832
0.4357537793479506 -0.056328980682989326 -0.8983015583417358 -3.1549136598451133 0.02897632910384372 0.9984003668946931 -0.04854976556266968 -0.3080540352871473 0.8995993642370166 -0.004873737758613807 0.43668894025910027 3.9932606801552026
0.4330578333317347 -0.05541303375300858 -0.899661218837574 -3.1990591356665603 0.03069290517067704 0.9984362459614408 -0.04672267460870626 -0.31129028179446006 0.9008434151184146 -0.007379596242005897 0.4340814243861361 4.014696286901625
0.4310161973152418 -0.056721562770332995 -0.9005596604161201 -3.247919173182717 0.0333918216157282 0.9983413741155366 -0.04689868844931548 -0.3146135934506254 0.9017261357535855 -0.00985723318043687 0.4321953389995472 4.037873762086674
0.429640773347872 -0.05650200457267594 -0.9012304529676689 -3.295998248150264 0.03553080603238041 0.9983253804051405 -0.0456508122775592 -0.31830417242683184 0.9023005971957091 -0.012407994123976729 0.4309288502549887 4.059917430756697
0.4276885090753349 -0.05562235957282647 -0.9022132188792551 -3.349155755275068 0.03866011995304502 0.9983172679800033 -0.043220684609781825 -0.32203371894453187 0.9030990722673425 -0.016394681103119108 0.4291191910196895 4.084932064733051
0.42615735554147127 -0.05482209628831051 -0.9029864041481761 -3.4043730873039455 0.040241047955779284 0.9983228639276023 -0.04161871476621201 -0.32577061047819783 0.9037535982652135 -0.018600997766937532 0.4276487302737528 4.1104317994703905
0.4246653588392273 -0.05616391577501617 -0.9036066332020617 -3.4541750102882522 0.042546147522698946 0.9982092635598296 -0.04204867981637208 -0.32915435689109446 0.9043501303880747 -0.02058836341576676 0.42629445335229543 4.133682582525279
0.42373828719890255 -0.05749528283553704 -0.9039580501402705 -3.508765718161572 0.04384769222651015 0.9981154186681341 -0.04293006991986942 -0.3327229739522921 0.9047227441863889 -0.021445360071050353 0.4254607533995028 4.158720691711382
0.42368702019349197 -0.058734944846569236 -0.9039023814402901 -3.5630282035613936 0.04349065057418909 0.9980637025058975 -0.04446806778841152 -0.3364387688686804 0.904763987033189 -0.020470759489361598 0.4254210570408272 4.18371508951374
0.42395459747424313 -0.05921114585137612 -0.9037458378811032 -3.6102277982135895 0.04274105368430379 0.9980568560842451 -0.04533998625021451 -0.3399700344069708 0.9046743621936059 -0.01940495375364314 0.42566153944115076 4.205723136642817
0.4253510371050299 -0.058741270464863174 -0.9031201240022542 -3.658539471500514 0.04070215442797328 0.9981233455557461 -0.04575064678786311 -0.3435873401861006 0.904112730724768 -0.017298849694705024 0.4269436964526381 4.228789065753921
0.4293034916703593 -0.05905239329357333 -0.9012276776075713 -3.7078272898980122 0.038837993802546635 0.9981441772189318 -0.04690215049778445 -0.3470967066955763 0.9023248429900572 -0.01486661798205718 0.4308002569552898 4.2522885651976425
0.4347896008857828 -0.05923047456653784 -0.898582079636692 -3.7564597324683477 0.03722565582751936 0.9981638616108686 -0.04778238087697274 -0.3507411224224229 0.8997623316797569 -0.012675024918459045 0.43619616026911906 4.274883406154124
0.44095989225302096 -0.05932121982905668 -0.8955642725690852 -3.803582185348595 0.03673782642802724 0.9981701152478425 -0.04802866993198678 -0.3541314125855393 0.8967746124492754 -0.011722367682519347 0.44233231914745613 4.297437462854108
0.4476020808969546 -0.058187096358249944 -0.892337738187795 -3.851133331897095 0.035511054899385344 0.9982502136796108 -0.04728081924551594 -0.35750521480897984 0.8935274714056917 -0.01052486132877303 0.4488851580720402 4.321229802849516
0.45566814776485415 -0.056705655349586576 -0.8883417179013484 -3.9007525766247544 0.03420126138736345 0.9983472726557114 -0.04618437939821127 -0.3612114621321675 0.8894924467537993 -0.009337656679189605 0.45685445749787823 4.346157548858553
0.46450039858507436 -0.05588117476705844 -0.8838080527020326 -3.949761173046605 0.03356601769371419 0.9984009206108105 -0.045485428212267906 -0.36483945826076825 0.8849365526242501 -0.008537917200430435 0.46563333407240703 4.37185952551725
0.4747837879690228 -0.05521308097011305 -0.8783688691953807 -4.000833326796671 0.03291516796289263 0.9984459664760925 -0.04496936452273566 -0.3685998886957353 0.8794867516908714 -0.007560933632275974 0.47586330587979486 4.398425926380688
0.48423724539369833 -0.0559498957027316 -0.8731459782558554 -4.050589422456794 0.031964678357828714 0.9984183522019935 -0.04624990079685469 -0.37216460483738656 0.8743526459678632 -0.005513905792777371 0.4852597730411043 4.425794638413412
0.4943183750881771 -0.05766123467950927 -0.8673664312534909 -4.101389173175217 0.029992510429653473 0.9983348317540024 -0.049274872144095615 -0.37557583661736405 0.8687633701810357 -0.0016570220047525297 0.49522465700908286 4.454894759507566
0.5060373977051699 -0.05838495204971776 -0.860533177453333 -4.1452995865444215 0.028443792996298067 0.9982932527904944 -0.051005216134622174 -0.37902602737440844 0.862042401952342 0.001333719276226833 0.5068344092789361 4.48012764614936
0.5187722470462647 -0.05646333541891789 -0.8530458647973964 -4.191702177635306 0.02619775347455415 0.9983979290849377 -0.050152297173470466 -0.38268391947159136 0.8545109908055342 0.003669734630765363 0.5194203496593903 4.507080193078551
0.5319903401046426 -0.05391791543302466 -0.8450320327837884 -4.2378023477211375 0.024823534099816556 0.9985347579469326 -0.04808460592162682 -0.38629476439182553 0.8463864780288859 0.0046038643768004425 0.5325492786988425 4.535183860094713
