1.0000 0.0000 0.0000 0.0000 0.0000 1.0000 0.0000 0.0000 0.0000 0.0000 1.0000 0.0000
1.0000 0.0000 0.0000 0.0000 0.0000 1.0000 0.0000 0.0000 0.0000 0.0000 1.0000 0.0000
1.0000 0.0047 -0.0052 -0.0000 -0.0047 1.0000 0.0068 -0.0002 0.0052 -0.0067 1.0000 -0.0001
0.9999 0.0167 -0.0042 -0.0000 -0.0166 0.9998 0.0148 -0.0006 0.0044 -0.0147 0.9999 -0.0003
0.9997 0.0242 0.0009 -0.0000 -0.0242 0.9995 0.0184 -0.0006 -0.0005 -0.0185 0.9998 -0.0002
0.9995 0.0319 0.0091 -0.0005 -0.0321 0.9992 0.0225 -0.0015 -0.0083 -0.0228 0.9997 -0.0006
0.9993 0.0356 0.0147 -0.0008 -0.0359 0.9991 0.0247 -0.0025 -0.0138 -0.0252 0.9996 -0.0014
0.9990 0.0403 0.0176 -0.0008 -0.0407 0.9989 0.0227 -0.0025 -0.0167 -0.0234 0.9996 -0.0013
0.9988 0.0450 0.0206 -0.0008 -0.0455 0.9988 0.0207 -0.0025 -0.0196 -0.0216 0.9996 -0.0013
0.9985 0.0498 0.0235 -0.0008 -0.0502 0.9986 0.0187 -0.0025 -0.0225 -0.0199 0.9995 -0.0012
0.9982 0.0545 0.0264 -0.0008 -0.0550 0.9983 0.0167 -0.0025 -0.0254 -0.0181 0.9995 -0.0012
