1.0000 0.0000 0.0000 0.0000 0.0000 1.0000 0.0000 0.0000 0.0000 0.0000 1.0000 0.0000
1.0000 -0.0023 -0.0036 0.0005 0.0023 1.0000 -0.0023 -0.0002 0.0036 0.0023 1.0000 0.0382
1.0000 -0.0004 -0.0064 -0.0015 0.0004 1.0000 -0.0037 -0.0009 0.0064 0.0037 1.0000 0.0761
0.9999 -0.0008 -0.0100 -0.0029 0.0007 1.0000 -0.0049 -0.0014 0.0100 0.0049 0.9999 0.1155
0.9999 0.0004 -0.0142 -0.0047 -0.0005 1.0000 -0.0054 -0.0021 0.0142 0.0054 0.9999 0.1556
0.9998 -0.0010 -0.0187 -0.0059 0.0009 1.0000 -0.0053 -0.0030 0.0187 0.0053 0.9998 0.1961
0.9997 0.0011 -0.0229 -0.0076 -0.0013 1.0000 -0.0066 -0.0035 0.0229 0.0067 0.9997 0.2370
0.9996 0.0038 -0.0279 -0.0095 -0.0040 1.0000 -0.0070 -0.0043 0.0279 0.0071 0.9996 0.2776
0.9995 0.0039 -0.0320 -0.0117 -0.0041 1.0000 -0.0056 -0.0047 0.0320 0.0058 0.9995 0.3205
0.9993 0.0032 -0.0363 -0.0140 -0.0033 1.0000 -0.0031 -0.0053 0.0363 0.0032 0.9993 0.3646
0.9992 0.0029 -0.0404 -0.0159 -0.0029 1.0000 -0.0005 -0.0061 0.0404 0.0006 0.9992 0.4125
