1.0000 0.0000 0.0000 0.0000 0.0000 1.0000 0.0000 0.0000 0.0000 0.0000 1.0000 0.0000
1.0000 -0.0029 -0.0028 -0.0009 0.0029 1.0000 -0.0019 -0.0007 0.0028 0.0019 1.0000 0.0357
1.0000 -0.0017 -0.0062 -0.0028 0.0017 1.0000 -0.0035 -0.0011 0.0062 0.0035 1.0000 0.0731
0.9999 -0.0019 -0.0100 -0.0040 0.0019 1.0000 -0.0047 -0.0016 0.0101 0.0047 0.9999 0.1117
0.9999 -0.0007 -0.0143 -0.0058 0.0007 1.0000 -0.0048 -0.0024 0.0143 0.0048 0.9999 0.1511
0.9998 -0.0016 -0.0185 -0.0072 0.0015 1.0000 -0.0048 -0.0033 0.0185 0.0048 0.9998 0.1922
0.9997 0.0002 -0.0230 -0.0091 -0.0004 1.0000 -0.0062 -0.0038 0.0229 0.0062 0.9997 0.2347
0.9996 0.0028 -0.0276 -0.0114 -0.0030 1.0000 -0.0070 -0.0042 0.0276 0.0071 0.9996 0.2761
0.9995 0.0031 -0.0322 -0.0129 -0.0033 1.0000 -0.0053 -0.0048 0.0322 0.0054 0.9995 0.3187
0.9993 0.0021 -0.0366 -0.0151 -0.0022 1.0000 -0.0024 -0.0056 0.0366 0.0025 0.9993 0.3616
0.9992 0.0015 -0.0403 -0.0171 -0.0015 1.0000 0.0004 -0.0063 0.0403 -0.0004 0.9992 0.4078
