1.0 0.0 0.0 0.0 0.0 1.0 0.0 0.0 0.0 0.0 1.0 0.0
0.9998806798030367 0.0013854894200028497 0.015385271388051156 0.0004813272728392746 -0.001367787339994559 0.9999983905601474 -0.0011610490546876532 0.000455252568697823 -0.015386855247563615 0.0011398667386588008 0.9998809656101114 0.009226808906470976
0.9993167184168058 0.003773009723308007 0.03676765821063368 0.0015405092970133178 -0.0037573192255232757 0.9999928183239346 -0.0004958354479809696 0.0003698906524544519 -0.036769264949189126 0.00035734882367879103 0.9993237180498193 0.016400838909727346
0.9979557803740081 0.005624050787520676 0.06366027388288069 0.0026695541344592378 -0.005683829554397562 0.9999835596505084 0.0007579645730139516 0.00042066697102389696 -0.06365496445447556 -0.0011182492730945526 0.9979713397782838 0.022928445034224837
0.995194602908215 0.004993684403439393 0.09778939338414244 0.004240715930396471 -0.005328195331858378 0.9999808125655429 0.003159878994701296 0.0002642857167824773 -0.09777173761811378 -0.003665735510704342 0.9952021150029274 0.02936271156623648
0.9908358244476065 0.0012088805911991002 0.13506630815620815 0.00810262997937394 -0.0019465550202533643 0.9999839027805055 0.005329643836196139 0.00041887311288821435 -0.13505769106120816 -0.005543716044657982 0.9908222278984417 0.03982199037418239
0.98475648019295 -0.0017975766676749227 0.17392942084683577 0.012602984786606476 0.0008027711061270082 0.9999829168961357 0.005789773263848765 0.0002902160454007965 -0.17393685715380486 -0.005561891226861592 0.9847411005383282 0.05054470551056857
0.9761198474048743 -0.0018725170928056572 0.21722462379302704 0.017059495010904147 0.00033285832609077423 0.9999745668979668 0.007124237682605907 0.00037385834122447177 -0.21723243935384015 -0.006881804774959738 0.9760956449321038 0.06128451376663244
0.9642409922814558 -0.0018401450164345443 0.2650206080107579 0.02063334894746014 -0.0008546720786419019 0.9999491055183586 0.010052656796728726 0.0005504892240598719 -0.26502561827059556 -0.009919689478673971 0.9641903450154099 0.06932489410288613
0.9499953295440029 -0.005390791980701357 0.31221757350668367 0.026379734728539585 -4.550430392802939e-05 0.9998485730135647 0.017401981843941646 0.0003371773891746566 -0.3122641058045882 -0.016546008719910476 0.949851229309886 0.08003460697487408
0.9333831742660333 -0.014531388953853636 0.3585870727342726 0.034625875614061705 0.005818365294913851 0.9996613143006906 0.025365396032996604 0.0001016614103298992 -0.35883421885650446 -0.021589243286591314 0.9331515996621098 0.09245012605491076
0.912091688050461 -0.019973783297407715 0.409499451245112 0.04054221917491198 0.008484149322045685 0.9995182161162746 0.029855566683978672 0.00024194041221290363 -0.409898489628275 -0.02375675972283367 0.9118217175347 0.1015805374476042
0.8868719359600408 -0.02120151644437136 0.46152861764678016 0.04784106095998422 0.006359094039151205 0.9994120672149267 0.03369097547100892 0.0006247141503256136 -0.4619715696116918 -0.02694467675898029 0.8864853373095707 0.11190079256993124
0.8586704889289586 -0.023259614756830072 0.5119999821912754 0.057514358326327855 0.004277620481996252 0.9992601408213595 0.03822136743614451 0.0009136062118142886 -0.5125101885870316 -0.0306294186533241 0.858134689490784 0.12363801011423779
0.8263492558728176 -0.027729999948548908 0.5624748478121431 0.06700118194437796 0.00471984281956414 0.9990929083627368 0.04232119496241271 0.0011415437168746136 -0.5631381983156524 -0.03231729509320671 0.8257305626145002 0.1339741638158843
0.7910347308765494 -0.03362227554915174 0.6108466232483907 0.08216683150144599 0.006951188892117239 0.9989181343325175 0.045980885970460114 0.000844126986191581 -0.6117317512766941 -0.032126367496796746 0.7904126523477525 0.14751650149628023
0.7533161140994409 -0.03767920215020981 0.6565783349787299 0.0956946143119773 0.007660237874877558 0.9987923970884198 0.0485290456744049 0.0013206325471987394 -0.6576139847918522 -0.031528165878968936 0.7526950390181201 0.15881754263651346
0.713815937124957 -0.04125995209827966 0.6991168888385305 0.11131859700712411 0.009141638909906324 0.9987269147805775 0.04960826675978989 0.0020627611827335425 -0.7002736881708893 -0.02902009727270447 0.713284372189537 0.17074337865318967
0.6723299151941995 -0.04304031098271204 0.7389993347530641 0.12883964750187352 0.008226575755258545 0.9986810549629724 0.05068011354948264 0.0029318224953812496 -0.7402059230959338 -0.02799432243432362 0.6717972233681373 0.1830051026806622
0.6311210356283423 -0.04292748532779096 0.7744956225769389 0.15193053073723276 0.0032376736774062196 0.9986045753058828 0.05271071662686036 0.00409567705535701 -0.7756776107743261 -0.03075927797577193 0.6303793389395321 0.1975932629040319
0.5897738835952389 -0.043978047377565305 0.8063700748278333 0.17287890303491987 0.000765879261053212 0.9985461072833404 0.053898840973126604 0.005034260134712139 -0.8075680650310206 -0.031170546644957935 0.588950097515831 0.2101274150198508
0.5500980950721627 -0.04525262785873636 0.8338730631636063 0.19532747193169636 -0.001023804885794453 0.9984934411859718 0.05486164171944608 0.006189820718017235 -0.835099417806966 -0.031033007918597512 0.5492230100769543 0.222223279019673
0.512400222183161 -0.04692160598769017 0.8574639206393364 0.22113235321498975 -0.0022611883756490283 0.9984289575140874 0.055986639696119674 0.008325846643721354 -0.858743791438271 -0.03062645406946789 0.5114891210742937 0.23479318697350138
0.4747458254232177 -0.046552373146125335 0.878890936235942 0.2460157619805027 -0.005672462344486578 0.9984176022939291 0.055947427113256475 0.009304462284484494 -0.880104666738097 -0.031546283205896836 0.47373052213438316 0.24767960073482084
0.43863311600265936 -0.04543866198887921 0.8975167505637189 0.27258607286590913 -0.006710404343251816 0.9985274568069872 0.05383203949434929 0.010872916982612125 -0.8986411742288163 -0.02963521552530837 0.43768229799869784 0.2590572369688489
0.4046536508752807 -0.043648199112540524 0.9134277516845749 0.3003185910972619 -0.005432196102916828 0.9987278897011255 0.050130764792058156 0.012652689346711246 -0.9144538884376862 -0.025247515667273165 0.4039017812214066 0.27093566450628487
0.37533037275523196 -0.04167115172030954 0.9259539007972916 0.3299042447971484 -0.0031041041160278417 0.9989267664154463 0.04621341662783695 0.014192197010205035 -0.9268859022690193 -0.020219556203935528 0.3747982040003132 0.2817986655135045
0.3496699097349412 -0.039491931970147505 0.9360402456813608 0.35939892180802746 -0.0017339552981978231 0.9990821795101025 0.04279943906604474 0.015964971186508393 -0.9368713613004618 -0.016588727938255398 0.3492804982824101 0.2931347554836265
0.32922167089912874 -0.03919639676853635 0.9434387812098611 0.3858335627113203 -0.0006012374720010073 0.9991291636393149 0.0417199338315163 0.01684888734167361 -0.9442524714947197 -0.014302337073615046 0.3289114063548797 0.30147976997163217
0.3148431225943631 -0.039863699918826385 0.9483062235289882 0.4187462067828239 0.0002861960585012133 0.99912156740847 0.04190479245932237 0.01801362602053264 -0.9491436805072481 -0.01292203420613554 0.3145779629680513 0.31201110123316267
0.3027640245935999 -0.041442255748445234 0.9521641060501941 0.4526641437142131 0.0015478598241614337 0.999074225899471 0.04299180472297501 0.01925581337493037 -0.9530642945477754 -0.011542555256706388 0.30254788030375496 0.32424606831215586
0.2922996847806181 -0.04331436893523691 0.955345361490227 0.48897622393604845 0.00016816112222233631 0.9989760835596643 0.04524108970429718 0.02054543759165565 -0.9563267569188824 -0.013063304311600049 0.29200767812075473 0.3346279325953002
0.2816339222236449 -0.04455749445018135 0.9584868092682586 0.5239958056853812 -0.0011805208300032556 0.9989043656433568 0.04678327339138837 0.02250766259886126 -0.9595212036341325 -0.014307270423302853 0.2812727533721293 0.3452351440661825
0.2715303220039328 -0.04610776358602872 0.9613247933812665 0.5564156797133621 -0.0019362125182841143 0.9988235772957162 0.048453199267676286 0.02397129881803405 -0.962427937724962 -0.015017841898355058 0.2711216131391805 0.3546953645397473
0.2623011853918103 -0.04759199920562888 0.9638117501637247 0.5960139216941905 -0.003048457714492395 0.998737234490903 0.0501462196683545 0.02580858338683609 -0.9649812407749767 -0.016091552227032985 0.2618248783047756 0.36388350959532934
0.2508649545087056 -0.049117896995039344 0.9667751583455841 0.634451671058455 -0.0032980203650654957 0.9986627090917007 0.05159376446138902 0.027372737549768062 -0.9680164759243592 -0.01613151153520289 0.2503674832612512 0.37587928302467155
0.2409605256063495 -0.050529085493257964 0.9692186732717887 0.6705625441803776 -0.0036965331724921565 0.9985887706128399 0.052979268100285 0.028633372961455576 -0.9705278773646924 -0.016348661264832923 0.2404336925907666 0.3844888448368261
0.2311283855773742 -0.05350733737891468 0.9714507883711943 0.7071476523837753 -0.0052102407775252175 0.9984041597823688 0.05623154915439019 0.030069296195195307 -0.9729093086056045 -0.018058199685500004 0.23048075549312505 0.3925007055370307
0.21944314728556732 -0.05692281598524525 0.9739632940361325 0.7421651969713667 -0.006760557733665367 0.9981837932048746 0.0598615890388716 0.03189999501945175 -0.9756018655007443 -0.01972075058000816 0.21865976316649224 0.4012530678476668
0.2075958685390398 -0.060381413659045806 0.9763493433449199 0.7763969920584511 -0.007733670754619959 0.9979606243729937 0.06336231165072932 0.033801895304958564 -0.9781841062408337 -0.02070451848269385 0.2067055326115363 0.4084370376337593
0.1939326582847786 -0.06268647521752076 0.9790099743492923 0.8109206605160485 -0.008592344602823569 0.9978095130137206 0.06559228120402653 0.03522770415851442 -0.9809772146511982 -0.02113247652607041 0.1929692275235858 0.41595650486374464
0.18018871141862086 -0.06323303695250643 0.9815974792729754 0.8419066639388606 -0.008745498610749575 0.9977891306334546 0.06588146206471146 0.03669242308227292 -0.9835931804009946 -0.02045565514711261 0.17923733327952648 0.4214348840527306
0.16525180979254964 -0.062180965601570194 0.984289269918728 0.8731924650721679 -0.010178059728452312 0.9978498423097324 0.06474642308735044 0.038171131631937825 -0.9861988878823825 -0.02071761857208678 0.16426361076102783 0.42722313361469055
0.14923511385344965 -0.06097081298178546 0.9869201795269401 0.9068394667266698 -0.010884965478254162 0.997935355451942 0.06329726586151435 0.039755705839353596 -0.988741825918011 -0.020188766761398625 0.14826333119476542 0.4319789268262754
0.12941440848443675 -0.05917669621494067 0.9898232314417093 0.9415375124018719 -0.013429657768626356 0.9980214914540311 0.061422690335807544 0.041353894253881036 -0.9914996496060089 -0.021241968387029034 0.12836363819323415 0.4363162843260422
0.10423930120466855 -0.0579958818415357 0.992859831886548 0.9784641189235336 -0.017657125833428725 0.9980330549031317 0.0601518680343721 0.04275311544943365 -0.9943954917394098 -0.023801239676635735 0.1030102276387664 0.44030252092352246
0.07461310981234605 -0.05736347306845536 0.9955613069026208 1.0154959755888027 -0.021381137217965203 0.9980226073336235 0.0591077171125983 0.04433918218543567 -0.9969833152141492 -0.025696443499460767 0.07323907410721182 0.44270239939674355
0.04066983109919619 -0.05680333804652255 0.9975566879256207 1.0573348309776995 -0.024778394270567418 0.9980183293207519 0.057839826393131934 0.04627873777532733 -0.9988653542974315 -0.02707018889087746 0.03918174138137585 0.44504346459617217
0.0067993775447952555 -0.056357657398125253 0.9983874913667525 1.098901698967031 -0.02619212052188733 0.9980579904666651 0.05651743525859218 0.0477456937387152 -0.9996338035938803 -0.026534168881608942 0.005310046533879544 0.4448387310683736
-0.028205404506290357 -0.05469896534744361 0.9981044426043569 1.1415765801502111 -0.027230630413679888 0.9981731814878199 0.053933222838593156 0.04946414629640256 -0.9992311784186421 -0.025657804824320164 -0.02964336566058172 0.4439746513099997
-0.06102366458894586 -0.05274350685088121 0.9967418095200006 1.1844508803653975 -0.02932206140100266 0.9982666263783421 0.051029005226433374 0.050785126879342966 -0.9977055322465287 -0.026112547640446383 -0.062464436124836306 0.44107851388225633
-0.09389564752210491 -0.049688866539082326 0.9943413015250168 1.2283338481387225 -0.031601564080138776 0.9983992319878845 0.04690751233748162 0.0520438235021226 -0.9950803728966272 -0.02701832911309237 -0.09531558827307904 0.43710663301596553
-0.1261821115194377 -0.04495997849366966 0.9909877270008661 1.2700207101444965 -0.028767078300781054 0.998718136536473 0.04164779657018286 0.05308190443433128 -0.9915899000789238 -0.023252614626389268 -0.12731373050265915 0.4315196872793554
-0.157795318776586 -0.03903157190272296 0.9867001437959744 1.3131559919699674 -0.023905530870527422 0.9990766582179379 0.03569813157401383 0.05384564709141411 -0.9871824365161646 -0.01795459269601855 -0.15858269021279162 0.4240859461981958
-0.18809800403898444 -0.03264963380988939 0.9816074277880281 1.3564997898549114 -0.017887113826822572 0.9993954140225064 0.029813714792502246 0.0543522118422825 -0.9819873685722713 -0.01195022354864184 -0.1885682903397096 0.4151366268587952
-0.2167765785639621 -0.026778960913463053 0.9758538836519 1.406696173250448 -0.011764689010432981 0.9996227632086013 0.024817803442035793 0.054776027366862316 -0.9761503506522893 -0.006100698943150809 -0.2170098486101838 0.4028784030241245
-0.2441835952598367 -0.020907001053521182 0.9695036199586501 1.4515843654306084 -0.0033526985513577332 0.9997797901116768 0.02071546998444151 0.05478901072889419 -0.9697232240275567 0.00180792455612643 -0.24419991848973976 0.3906257664116412
-0.2706057630216364 -0.010355057214120209 0.9626345588070108 1.4996599280004959 0.0021835800637677416 0.9999329741403459 0.011370101360528274 0.05451409654283688 -0.9626877754482905 0.005178804585603623 -0.27056501434125063 0.37642170729797314
-0.2960574628014098 0.005329639766951512 0.955155261546281 1.5472644979460541 0.006881741538371194 0.9999703806615875 -0.0034466553235681743 0.05351410258604208 -0.9551453399106268 0.005552723608729935 -0.2960853709785984 0.36094607510049875
-0.32075563666862383 0.023219354131322215 0.9468773326778018 1.590542584571894 0.007739273202162892 0.9997303477435502 -0.02189373085756357 0.05246843730423233 -0.9471303633585 0.0003056047862591873 -0.3208488451126272 0.34587310633019697
-0.34620714268710934 0.0385861667204019 0.937364241952002 1.6338336337497332 0.00826685277831667 0.9992404984934073 -0.03807998576403577 0.050662969256991756 -0.9381216730774133 -0.005434510877057429 -0.3462631840002025 0.3297100655476324
-0.37089716127122424 0.049317008999777444 0.9273635362597895 1.6767330399971911 0.012216348425090255 0.998761641614565 -0.04822804236681038 0.048085510967637364 -0.9285935906477613 -0.006558647931845316 -0.37104033142665455 0.31218413775129816
-0.3943766709817483 0.053615418113461766 0.9173834685265867 1.7178095077504598 0.015531605123441884 0.9985428210095563 -0.05168175550970627 0.045436503140453985 -0.9188176155405605 -0.006133640908482723 -0.394634727085139 0.29433699783989525
-0.4169968341580988 0.05347336985898971 0.9073335875068469 1.7590378896896315 0.019144393081598467 0.9985631387265794 -0.05005147540339799 0.042757018444555275 -0.9087062960691198 -0.003500955932791504 -0.4174213827679362 0.27575242104209396
-0.43737932938380836 0.049079853141472736 0.8979367963522711 1.7985464244375697 0.02263965387034978 0.9987940445652246 -0.043564924121004156 0.03983737010482043 -0.8989920846706045 0.0012745809701642035 -0.43796302029161005 0.2561385459062171
-0.45497094068362703 0.04784299159069176 0.8892201590658564 1.8378494681122037 0.03047801534427752 0.9988073128577234 -0.038145017533173155 0.03707561142538701 -0.8899845693685525 0.009746791142988107 -0.4558864621243814 0.23482377714417516
-0.4690796036492123 0.04831989827721652 0.8818330413807232 1.8796046919961804 0.03241799881289328 0.9987712874875452 -0.0374831781394776 0.03454395090222197 -0.8825607054436901 0.011004668143470363 -0.4700696740758613 0.21291092956753754
-0.4801225338643489 0.05258390461553597 0.8756239406566385 1.9206468587912842 0.036439869490606853 0.9985356195647436 -0.03998440160811149 0.031814857792394756 -0.8764442300495701 0.012710209905241332 -0.481335602440729 0.19009025382564212
-0.4897974740274366 0.055048231063897085 0.870096619171157 1.9620168230910984 0.037443076083191376 0.9984120151531742 -0.042088763954335 0.028837821422551764 -0.8710318309279919 0.011964123641581734 -0.49108085816463826 0.16674181278451353
-0.5006218620425597 0.05444039615195198 0.8639525418168859 2.002083935341406 0.03167286926010913 0.9985042356403071 -0.04456591479141181 0.025912285275133118 -0.8650864584524897 0.0050531846573972925 -0.5015973332534228 0.1446579353428238
-0.5120442103418152 0.05305062920196828 0.8573192855620952 2.041712073802212 0.03091297208391359 0.9985824966869957 -0.04332880643754294 0.02306896493452617 -0.8584026530785919 0.004316022664215301 -0.5129583385968057 0.1216958445206384
-0.520459902435465 0.05428638593201999 0.8521587165894072 2.0824876619080874 0.03307362507723616 0.9985097543870914 -0.04340974220238367 0.019911790480777437 -0.8532453488189174 0.005590947707374472 -0.5214797369242795 0.09598397369841316
-0.5272961309390293 0.05725303140721304 0.8477504825663118 2.122531280624637 0.03606840190145619 0.9983361673639071 -0.0449885242858225 0.016939300768260227 -0.8489156970400566 0.0068547303247835445 -0.5284838237743593 0.07027944233719784
-0.5305951907601205 0.06004973425427221 0.8454955783197344 2.164601872651059 0.03763049462500791 0.9981726928689881 -0.047278124803611085 0.01330347133932596 -0.8467896370507307 0.006730871166475183 -0.5318853315864525 0.044483657428510875
-0.5300241845459944 0.06215704260680737 0.845701404664039 2.2047216436716397 0.0372878689453979 0.9980536509737633 -0.04998524389705607 0.010630360570151784 -0.8471623094932068 0.005041015008181132 -0.5313102761492777 0.019134100089556228
-0.5267191925839643 0.062340920917404334 0.8477502590638745 2.242441293009985 0.03895347965321004 0.9980295611756178 -0.04918964771683535 0.008145567434188672 -0.849146346978307 0.007113690938546115 -0.5281097204318682 -0.0040788007552434065
-0.5214815780469764 0.061424539856296645 0.8510487586860563 2.282670938708153 0.03689790168542937 0.998095874741937 -0.049428429818638514 0.005758694622399404 -0.8524643738062302 0.005625897845295997 -0.5227550484352926 -0.027333417671087573
-0.5148747629272779 0.06026990213124007 0.855144150069256 2.327026361104429 0.03468426197337112 0.9981733208068064 -0.04946739937444442 0.0029224083132811923 -0.8565634713621301 0.004190528200450928 -0.5160246689853673 -0.05323293596930355
-0.5084761974108793 0.0596146459188551 0.8590099246566026 2.3669429646624147 0.033332352714852166 0.9982155365920585 -0.04954489649516497 -7.66588617642232e-05 -0.8604306543406425 0.0034404212232347618 -0.5095559366475285 -0.07544733554882993
-0.502451808724731 0.05839217807283016 0.8626311688370396 2.4133353109398112 0.030402061306858096 0.9982930355264361 -0.04986712231222709 -0.003092726044845259 -0.864070537964084 0.0011699398785143611 -0.503369383915171 -0.10158257471852983
-0.4985191022055739 0.05601529490275179 0.8650670444960358 2.4587615370599165 0.026165193417176033 0.998427748131896 -0.04957231499243713 -0.006480018324608938 -0.8664837490626067 -0.0020780994262185317 -0.4992009556412961 -0.12660297136249563
-0.4972321479746556 0.05319732215399462 0.8659851245466946 2.507080255166358 0.021539403878913843 0.9985677585762933 -0.04897433626353697 -0.009677901959087375 -0.8673501283224966 -0.005698811065209101 -0.4976658301022792 -0.15378299686325037
-0.497531572730921 0.05052722535139399 0.8659730559516189 2.559240208063427 0.018196971470258793 0.9986903860872516 -0.047816137089926165 -0.013339506649782396 -0.8672549823236573 -0.008031950895104013 -0.4977994409394315 -0.18344544280991099
-0.49836850888350953 0.049495987837262403 0.8655512558717947 2.6122283847620174 0.017087152772789178 0.9987358192679539 -0.047273592218953775 -0.016912032160711132 -0.8667968957970182 -0.008769863121966365 -0.4985842265229357 -0.21333803078146016
-0.4988953808261377 0.04851484709881693 0.8653032466143424 2.6650736849234358 0.016408205892661152 0.9987817353866323 -0.04653832654326071 -0.02049309169960162 -0.8665068780856431 -0.009019682313775227 -0.4990836358379526 -0.2432334560982038
-0.4991438278134884 0.048065692424680465 0.8651850255104019 2.7163880732500956 0.016411276519914794 0.9988056545959673 -0.046021020741658744 -0.023949787353830274 -0.8663637279795859 -0.008772317758334973 -0.49933649704629035 -0.2725970438274909
-0.4989762639667065 0.04734740101199912 0.865321276529843 2.7717787307460555 0.01652806064588993 0.9988447173735477 -0.04512265269506056 -0.027559549575435202 -0.8664580262246487 -0.00821305012538516 -0.4991823660732851 -0.30429649327033914
-0.49918402053112043 0.047119739966444724 0.8652138716825345 2.8259967321612156 0.01655183403769828 0.9988566754147098 -0.0448483976241955 -0.0313970837683182 -0.8663378962254709 -0.008066727029221095 -0.49939320928368713 -0.3347734734557101
-0.49955389127918004 0.04533383210818778 0.865095805893322 2.8748801450743713 0.014015122248381575 0.9989220140197246 -0.04425365809891927 -0.03471960790581077 -0.8661694326494054 -0.009982663630497096 -0.4996507383869727 -0.3623042985314302
-0.4994554390512543 0.04452804446923447 0.8651944970108543 2.9253221179256492 0.013748507847000758 0.9989598787636453 -0.043475730614910245 -0.038435289468983266 -0.8662304791070912 -0.009819056791008855 -0.49954813901128076 -0.39094816078966615
-0.4986528247437564 0.044020332386209796 0.8656832970039796 2.9792905744896294 0.01293937100157349 0.998976369147863 -0.0433449715910885 -0.04223116651667639 -0.8667052169296995 -0.010412695172534852 -0.49871198374020076 -0.42189537549874023
-0.4971347517762257 0.042396462294777976 0.8666369358395004 3.0322594712800783 0.012903905153850993 0.9990563212695013 -0.04147235420406325 -0.046198646586425994 -0.8675773900973747 -0.009434347689916241 -0.49721269621309294 -0.4524189506742913
-0.494940491079971 0.04043914978040875 0.867985360161423 3.0870595546547555 0.013016679581733874 0.9991494327951146 -0.03912770115740604 -0.04969725478651465 -0.8688293712474189 -0.008067596310820385 -0.4950458943851373 -0.48336945748245497
-0.49256863728277556 0.03879544978429564 0.869408448683025 3.1392747679159014 0.012915259414637432 0.9992217364989759 -0.03727086505863578 -0.053277525317276954 -0.8701777597937356 -0.007129823560264734 -0.49268634238870057 -0.5125231252016872
-0.49001730085440215 0.03844575768414836 0.8708644949585778 3.1905305770797456 0.013053650701683085 0.9992385673121198 -0.03676802686269481 -0.05697603883165586 -0.8716149649166924 -0.006649008355314111 -0.49014604315567495 -0.541613200948164
-0.48832274839395357 0.038731777866650156 0.8718031559843452 3.2406420653279397 0.01317355704120016 0.9992279123723332 -0.03701400452404362 -0.06030795456642964 -0.8725636657550324 -0.006590031814190256 -0.4884559557266437 -0.5692813107690997
-0.4880079639906693 0.03919744301731658 0.8719585927913014 3.288748959674904 0.013213936654386055 0.9992084204143656 -0.037522319372840805 -0.0635821865909348 -0.8727391471452268 -0.006789185070956817 -0.4881396193777918 -0.5950801396654813
-0.4887515739887743 0.040400388549053874 0.871487066759216 3.335678285688634 0.012887217391414525 0.9991525385142243 -0.0390912318619331 -0.06690961270978359 -0.8723278159908718 -0.007874857818548695 -0.4888580244436357 -0.6210199195733014
-0.4918075175649119 0.04208378014604099 0.8696863349019918 3.3824450854967107 0.012220672635749124 0.9990665183135502 -0.041433647500140794 -0.07039402646755973 -0.8706181831474523 -0.009749227326083134 -0.4918627163544463 -0.6471210931149682
-0.4961958976658355 0.042601873076106286 0.867164754559365 3.427018932956976 0.010926685038170443 0.9990227306119713 -0.0428274593534678 -0.07344338198430957 -0.868141830977908 -0.011775573489369362 -0.4961764778537199 -0.6725724122027888
-0.501604229693376 0.040927466701598726 0.8641285432290182 3.475171326869106 0.011774036808897343 0.9991107298938815 -0.040486065110527235 -0.07690496790984973 -0.8650170916293732 -0.010133700227485524 -0.5016400495462467 -0.7005890454462627
-0.5070945355250459 0.03857268897483307 0.8610268751356657 3.5230601077682566 0.012918070002487932 0.9992259850993712 -0.037155809365391104 -0.08011663195345997 -0.861793626982731 -0.0077187024451750436 -0.5072003214948834 -0.7283558352319519
-0.5126577700304351 0.03590325455285368 0.8578420409025981 3.5679282666613843 0.010387508083856667 0.9993115466025314 -0.03561646392695748 -0.08328950681085992 -0.8585302036056918 -0.009348215838616355 -0.5126777743938238 -0.7541543631439583
-0.5175535020130413 0.03922914182563666 0.8547511023600153 3.6095484436722667 0.012733222978877188 0.9991909598175159 -0.03814827455491492 -0.0861096847629446 -0.855556098445104 -0.008860036713860884 -0.5176342938434635 -0.77927805440485
-0.5221832968011841 0.040766461901700905 0.8518583803226121 3.6526512557610644 0.013116844246941364 0.9991226279387114 -0.03977339233507971 -0.08900731623804857 -0.8527324040628742 -0.009595307439356209 -0.5222598750969633 -0.8055129035236805
-0.5266018477060288 0.04195807577299308 0.8490759765003508 3.695435134300476 0.012094590225231069 0.9990499411422861 -0.04186807842346839 -0.09188201344508444 -0.8500260083549687 -0.01177858145184018 -0.5266090106892413 -0.8320004218519038
-0.5301619990319117 0.041997286072160765 0.8468556445729465 3.7352809897247337 0.010568503374515844 0.9990222998838372 -0.042927276540991134 -0.09457454096258183 -0.8478305028240676 -0.013808414006571297 -0.5300875080434478 -0.8566819142980961
-0.5333433305019518 0.04148891533429645 0.8448807973397606 3.775607790107499 0.011749618193272285 0.9990634596469832 -0.041643127530343944 -0.09729072543607806 -0.8458172605719271 -0.012283057541982242 -0.5333313118653559 -0.8821256474918868
-0.535622336271758 0.03457219970421872 0.8437496523817926 3.817779432428883 0.012319291859444612 0.9993751755321217 -0.03312844062461173 -0.09978236558611442 -0.8443677800193864 -0.007349934540398804 -0.5357135713488931 -0.9087692939938681
-0.5376841631229274 0.025606190483309775 0.8427574168974902 3.8623054753535353 0.011891253541705085 0.9996696186560303 -0.022787093393171302 -0.10260987952870858 -0.8430624762234443 -0.002230817122631008 -0.5378110120097583 -0.937124236897955
-0.5397216239958951 0.024137917167099097 0.8414974328814487 3.9037337333731994 0.013170123726456817 0.9997086244849134 -0.02022903782949581 -0.10489853723251422 -0.8417405279729998 0.00016457615733447866 -0.5398822616852903 -0.9630097904542116
-0.54099027275909 0.028625312066385373 0.8405415613098187 3.942856184126033 0.012525016564041182 0.9995839883942844 -0.025980263775448348 -0.10674522830371337 -0.8409355794233676 -0.003527273008061587 -0.5411237470348262 -0.9878051952781266
-0.5426737784442354 0.03517814987994486 0.8392065704938689 3.9828073053487807 0.014214170383696762 0.9993641288369955 -0.03270008186798198 -0.10887284206201156 -0.839823271616927 -0.005816851802615051 -0.5428287360537817 -1.0129582230308178
-0.543185981330156 0.03912716858951568 0.8387002172198139 4.025095641650874 0.019621058499907622 0.9992323118594444 -0.03390871568446718 -0.11121213248226647 -0.8393831090448134 -0.0019625529787562638 -0.5435367003580044 -1.0404518350249587
-0.5425262215781543 0.04033285573285077 0.839070056460463 4.06785360702571 0.022792719732229946 0.999185734006791 -0.03329205437510259 -0.11401396355918432 -0.839729593873729 0.0010628761639120458 -0.5430037564022193 -1.069564818637476
-0.5422742654877007 0.03673320923656689 0.8393981726981286 4.111884534103881 0.021301035474740142 0.9993237823291968 -0.029970718359225188 -0.11672323133850042 -0.8399314774893707 0.001627700969688457 -0.5426900254400062 -1.0973926179909939
-0.5420924945492896 0.032098051755521 0.8397055688911612 4.154546530996925 0.020033268033882383 0.9994798487974572 -0.02527251510414842 -0.11871687721997747 -0.8400799935275275 0.0031220059747992766 -0.5424535533605452 -1.1237611257477647
-0.5411110673664541 0.02534108977467552 0.8405692368523661 4.206037192789721 0.016971966228871836 0.9996713710931079 -0.019212032145149268 -0.12150327751694734 -0.840779855334238 0.003870269480548112 -0.541363330747738 -1.1565835105895323
-0.5412326822900473 0.01932867619871059 0.8406506919627952 4.252027143715977 0.008164109711619662 0.999809445867514 -0.01773187149474812 -0.12376523545760695 -0.8408332361019853 -0.002733903892790197 -0.5412873495988679 -1.184397297730104
-0.5395735383661502 0.014351428079399164 0.8418161516668081 4.30276105870403 0.0007621267357559836 0.9998626274523117 -0.016557336349591084 -0.12563554747468642 -0.8419381306591778 -0.008292329964289382 -0.5395103533815561 -1.215851644779196
-0.5379210656057598 0.015154093240784901 0.8428589921425844 4.348555705603336 0.004205244752220968 0.9998742075011805 -0.015293302143593446 -0.127692715256854 -0.8429847229304557 -0.004682161032141391 -0.537917125841826 -1.244630622800511
-0.5351186605540432 0.0183599045816799 0.8445773694757622 4.402967770875815 0.008167052002821591 0.9998295137626998 -0.016560273869150884 -0.13022618488905588 -0.8447374257060176 -0.0019640042743519185 -0.5351773764825826 -1.2787205654210765
-0.5305072124026853 0.021418962785773772 0.8474097743252164 4.45106706652085 0.009890526740715293 0.9997690739473877 -0.019078161839364373 -0.13206126961299947 -0.8476227197695466 -0.0017397734218600144 -0.5305965492904346 -1.3079139078536732
-0.5223032527202557 0.023640882591766946 0.8524320623182373 4.507859869145363 0.014971879883227847 0.9997157930483136 -0.018551979477679822 -0.13462852129935124 -0.8526283803689635 0.003072751220049871 -0.5225087589594424 -1.3434692901443577
-0.5143361382790613 0.02692754834653273 0.8571658205972912 4.564072271878273 0.022156915381668515 0.9995905259397755 -0.018106671483449743 -0.13730487773270422 -0.8573024017002113 0.009679235067148115 -0.5147221623823507 -1.3775753580212793
-0.5046011326525742 0.025907452440306362 0.8629637888311378 4.623196053362856 0.019283277840116422 0.9996385100477808 -0.018735112094429764 -0.13957983999785042 -0.8631372151178969 0.007187011722768953 -0.5049183050167787 -1.411468520385345
-0.49361266191955333 0.02341822972344546 0.8693665087345571 4.68254741484029 0.017341942170450417 0.999703676066671 -0.01708265496161012 -0.1421089640290315 -0.8695089401693625 0.006644288931147786 -0.49387251025963175 -1.4446007633319262
-0.48147629174025675 0.020557539611874828 0.8762179911740898 4.744912463138033 0.017661331512519723 0.9997494622497433 -0.013751003619729597 -0.14443956172252195 -0.8762811522914631 0.008854394188825882 -0.48171873727549047 -1.4792943448331632
-0.47026348904163784 0.01979154714727337 0.8823041117074671 4.808738262017515 0.016690208444866444 0.9997691520514856 -0.013530689129396438 -0.1467147607732347 -0.8823682268851537 0.00836285045703335 -0.470485254727267 -1.5128534393098176
-0.4586935190534284 0.01902841991085218 0.8883907782131003 4.866546451095588 0.017610246812067153 0.9997690030852878 -0.012321512774988903 -0.14874097094594946 -0.8884200216032944 0.009992982815076353 -0.4589226574368035 -1.5420357016264923
-0.44622375772359607 0.01995590134575969 0.8946988990965127 4.9294139227737865 0.018773257279219052 0.9997400812380682 -0.012935794418023358 -0.15117165446492573 -0.8947244955035935 0.01102415382582331 -0.4464824130671478 -1.5737318784181136
-0.4341091863619444 0.023678474913385986 0.9005490237304945 4.986538520955623 0.01865291429096471 0.9996764539401195 -0.01729324221071534 -0.1540044599083637 -0.9006671322439953 0.009290708448803772 -0.4344104046082404 -1.6009209023584074
-0.42241381890834717 0.033226158483067265 0.9057938992882014 5.044165790802529 0.020525856412971482 0.999422285517868 -0.027088455636144756 -0.15587427900724826 -0.9061706543547846 0.0071496575229424136 -0.42285177968589044 -1.6277344503831683
-0.409712267805231 0.03773894650717238 0.9114338316775517 5.1041643782472566 0.019189385007595233 0.9992793368948487 -0.03275018103794576 -0.1582461904259342 -0.9120129522725667 0.004071703760920428 -0.41014119046440434 -1.6546332531249968
-0.3984545080641252 0.03444814667961681 0.9165409593650007 5.154697057918848 0.01822016224247855 0.9993945288653704 -0.029641210532269223 -0.16105203994091905 -0.9170071050385772 0.0048888510204476475 -0.3988409061824859 -1.675927603436668
-0.386409858141035 0.03076141981370413 0.9218140574879896 5.219541784642157 0.01738764701731972 0.9995090087970667 -0.026065514855885742 -0.16480245252198655 -0.9221632671401656 0.005956205549369439 -0.3867550030094347 -1.7027381963440205
-0.3769304100241932 0.03159444033020079 0.9257025749878927 5.280584516449592 0.01346742348483984 0.9994993666629899 -0.028629434939558503 -0.16767056716384365 -0.9261436683925834 0.0016755239478409166 -0.37716720180289687 -1.7265983543536136
-0.36984099261999864 0.03608987244182759 0.928393861076745 5.336641077864811 0.009607187700148975 0.9993404112475701 -0.035020628092985034 -0.17106105006291397 -0.9290453929288633 -0.0040328097730541876 -0.3699437718397035 -1.74811843334202
-0.3648346066258094 0.04091774571553099 0.930172805393573 5.394520008891793 0.0033780254034162602 0.9990854635731388 -0.0426242351393691 -0.17435241243655752 -0.9310662160945176 -0.012408648693610535 -0.3646391732727495 -1.7700534174542928
-0.36118336165321663 0.043018540913045175 0.9315020045080923 5.450700611373972 0.0005583718488892808 0.9989451166106434 -0.045916687822861534 -0.17786853021718993 -0.9324946474300846 -0.016064219167340417 -0.36082637566672426 -1.7912265429957408
-0.35756822360700774 0.04273231136688091 0.9329088460464787 5.5054549043180705 -0.0006713988240635569 0.9989405573594892 -0.046014259593381 -0.18152890966037918 -0.9338867783035298 -0.017079590965590554 -0.35716071016042705 -1.8114193582997822
-0.3525236408579108 0.04275024767491237 0.9348259190672967 5.558128132243029 -0.001012192234084876 0.9989379852948939 -0.046063836160861744 -0.18513592601780698 -0.9358023605992678 -0.017184814770809693 -0.3521059840987219 -1.8308936663727295
-0.3467824988033722 0.03838486994324623 0.9371598050936291 5.614052868496538 -0.0036252478384147828 0.9990999292281717 -0.04226332919171705 -0.1888177746449701 -0.9379385673389259 -0.01805361946251722 -0.3463312153452297 -1.8507905021719184
-0.3411164488416062 0.034677170416700355 0.9393812123848243 5.67134878359852 -0.003987860829368033 0.9992569638670562 -0.03833558567693512 -0.19251143458876382 -0.9400125878389584 -0.016823020391092222 -0.3407246992649988 -1.8712252170579755
-0.33530647609369385 0.03188140094224646 0.9415695106382685 5.726741093795814 -0.00571585162588684 0.9993400107171204 -0.03587299848203193 -0.19589162783272998 -0.9420917662997687 -0.01741032032619095 -0.33490294805558163 -1.890485384053466
-0.32981688553837907 0.030194066516234578 0.9435619430440042 5.7778371549109595 -0.013580981835045042 0.9992332057875755 -0.03672270937548245 -0.1988704839089271 -0.9439472331365552 -0.024926267243472307 -0.32915391879050626 -1.9070570316256006
-0.3232300394355031 0.030175036303286044 0.9458392087403749 5.835635054490154 -0.02081401079562655 0.9990230073394952 -0.03898471188742223 -0.20227418135322095 -0.9460914958718953 -0.03228773746240149 -0.322286182527946 -1.9258147722005046
-0.3159155046873385 0.034478848765551184 0.9481606419198947 5.888020185614961 -0.01901421939847652 0.9989087155441017 -0.04265955310003384 -0.2055521206046685 -0.9485967812294162 -0.03150534871779813 -0.3149151626126619 -1.94336927394144
-0.30880365225335754 0.0379462315721291 0.9503685537013846 5.9436659976078685 -0.017062801453245895 0.998822016708605 -0.045425100382023964 -0.20892072080926122 -0.9509727468027421 -0.030243386841159063 -0.3077924176954682 -1.9612796974270572
-0.3022384470926415 0.03617294170227273 0.9525457676078523 5.99700749309333 -0.01853589204919042 0.9988677634732819 -0.04381337466821491 -0.21196556592205862 -0.9530521191440522 -0.03089837184190118 -0.3012257439405708 -1.977513086072837
-0.2951794900243883 0.031478260016189016 0.9549231318882664 6.052958979390227 -0.018841031825481608 0.999071001511093 -0.03875757292924439 -0.2154615767719657 -0.9552560306999859 -0.029432177730632156 -0.2943121858254247 -1.9943161129869054
-0.2883683848958548 0.028705446581478243 0.9570891661329755 6.112840662079904 -0.02084171251462513 0.9991255511697203 -0.03624577243284889 -0.21887862319039997 -0.9572926917155549 -0.0303995121071682 -0.28751795083373904 -2.011568748148859
-0.2816160070151777 0.032397099340793455 0.9589801106108147 6.175244873437887 -0.022748951528953 0.9989234918526452 -0.04042700371343138 -0.22216428857047774 -0.9592574783639473 -0.03320068341487852 -0.2805758450466191 -2.029404461269772
-0.2752086604046681 0.035089885904935295 0.9607439269365414 6.233121507563923 -0.02209903959227856 0.9988387254294685 -0.04281159926383875 -0.2256838009830699 -0.9611304935789753 -0.03301364096259305 -0.2741136148078495 -2.0452375468624573
-0.2680678738329159 0.03588068375708788 0.9627316300775743 6.295310957865766 -0.024510045459787345 0.9987287523280055 -0.0440469856505397 -0.22938531530614556 -0.9630881956966643 -0.03540417781086425 -0.2668476559823559 -2.0619698547582193
-0.2609655161911534 0.03557540281863877 0.9646923810590483 6.355048458485288 -0.02436533663897055 0.998759619646594 -0.043422949391487164 -0.23300684208256653 -0.9650405844986784 -0.03483694702004372 -0.2597750130262113 -2.0774536219365176
-0.2529053536005913 0.03559688137267761 0.9668359447996847 6.417411554003061 -0.020605030130647694 0.998898072257465 -0.04216721444002194 -0.23685153526077762 -0.967271582779868 -0.03058599805229388 -0.25189319536198307 -2.0934276348133927
-0.24514909374408347 0.03640248064166121 0.9688017244202177 6.467353631675444 -0.01799291082365424 0.9989518634389882 -0.0420883557752027 -0.24017406861622762 -0.9693184084688283 -0.0277494853087623 -0.24423715742808727 -2.1061854509618265
-0.23822189874866043 0.03699697577698388 0.9705058221051225 6.525230999183708 -0.01696268151243134 0.9989632552567203 -0.04224549778141472 -0.24368823431276276 -0.9710626109538386 -0.02652618386139783 -0.23734735553037153 -2.1206868935259666
-0.23139878283270784 0.035805213020828834 0.9721998714380052 6.575203997810803 -0.023421320892623044 0.9988278263376008 -0.04236053660357289 -0.24662853065927454 -0.9725770123908863 -0.032572381770920845 -0.23028893789017155 -2.1316000178580086
-0.2256184541366865 0.03401802956215012 0.9736216343208894 6.62529591235539 -0.027983768550247607 0.9987514909228241 -0.04138076941232304 -0.24973790346778346 -0.9738137511098794 -0.036581867696141857 -0.22438481478291672 -2.142479416232993
-0.22108503367820215 0.03429274083876811 0.9746514329796436 6.674777306176503 -0.02539263621207447 0.9988403759551874 -0.040903757625613026 -0.2525815138231504 -0.9749239057022376 -0.03379217790345004 -0.21995787506436787 -2.1531415046719444
-0.2168855067798245 0.03482240867447048 0.9755757668182243 6.718388983967772 -0.024308466190227883 0.9988610330820157 -0.041057704049304054 -0.2549074194743538 -0.9758943464434731 -0.03261957149365288 -0.21579200201868734 -2.162030839715025
-0.21202135496689797 0.03665201408732628 0.9765774802345908 6.768136336649008 -0.023496542646755544 0.998816390414862 -0.04258791756200622 -0.2574984990393223 -0.9769825267227893 -0.031975742398905285 -0.2109092088468139 -2.1722575247146114
-0.20605034461320157 0.035629008911149666 0.9778925448170619 6.812950338625086 -0.016826228109790904 0.9990601690710315 -0.039945670896262726 -0.26030156078416083 -0.9783967158225615 -0.024685062279933234 -0.20525719029514564 -2.1814216922809484
-0.20027662611909208 0.03446284508487157 0.9791330784622737 6.854643652568747 -0.009615980130114282 0.9992638690840273 -0.03713829384004699 -0.26262081960844436 -0.9796921995996941 -0.01685325641733169 -0.1997978022692968 -2.1904370009405083
