1341836537.6557 1.0000 0.0000 0.0000 0.0000 0.0000 1.0000 0.0000 0.0000 0.0000 0.0000 1.0000 0.0000
1341836537.6874 1.0000 -0.0001 -0.0006 0.0000 0.0001 1.0000 -0.0006 0.0004 0.0006 0.0006 1.0000 -0.0001
1341836537.7236 1.0000 0.0000 -0.0030 0.0007 -0.0000 1.0000 0.0013 0.0003 0.0030 -0.0013 1.0000 -0.0002
1341836537.7555 1.0000 0.0001 -0.0024 0.0010 -0.0001 1.0000 -0.0003 0.0009 0.0024 0.0003 1.0000 -0.0006
1341836537.7874 1.0000 -0.0015 -0.0011 0.0011 0.0015 1.0000 0.0014 0.0009 0.0011 -0.0014 1.0000 -0.0007
1341836537.8234 1.0000 -0.0007 -0.0010 0.0011 0.0007 1.0000 0.0025 0.0009 0.0010 -0.0025 1.0000 -0.0008
1341836537.8554 1.0000 0.0008 -0.0025 0.0015 -0.0008 1.0000 0.0027 0.0010 0.0025 -0.0027 1.0000 -0.0009
1341836537.8876 1.0000 0.0039 -0.0038 0.0024 -0.0039 1.0000 0.0079 -0.0002 0.0038 -0.0079 1.0000 -0.0015
1341836537.9235 1.0000 0.0025 -0.0065 0.0035 -0.0024 0.9999 0.0150 -0.0020 0.0065 -0.0149 0.9999 -0.0016
1341836537.9556 1.0000 -0.0026 -0.0011 0.0030 0.0026 0.9999 0.0148 -0.0022 0.0011 -0.0148 0.9999 -0.0019
1341836537.9875 1.0000 -0.0043 0.0041 0.0024 0.0042 0.9998 0.0170 -0.0026 -0.0041 -0.0170 0.9998 -0.0020
1341836538.0233 1.0000 -0.0046 -0.0085 0.0061 0.0047 0.9999 0.0146 -0.0018 0.0085 -0.0146 0.9999 -0.0011
1341836538.0555 0.9999 -0.0075 -0.0069 0.0061 0.0076 0.9999 0.0152 -0.0018 0.0068 -0.0152 0.9999 -0.0011
1341836538.0876 0.9999 -0.0073 -0.0084 0.0056 0.0074 0.9999 0.0137 -0.0016 0.0083 -0.0138 0.9999 -0.0014
1341836538.1233 0.9999 -0.0041 -0.0149 0.0066 0.0043 0.9999 0.0136 -0.0015 0.0148 -0.0136 0.9998 -0.0014
1341836538.1553 0.9999 -0.0033 -0.0134 0.0067 0.0035 0.9999 0.0130 -0.0016 0.0134 -0.0130 0.9998 -0.0015
1341836538.1915 0.9999 -0.0036 -0.0096 0.0055 0.0037 0.9999 0.0131 -0.0019 0.0096 -0.0132 0.9999 -0.0018
1341836538.2234 0.9999 -0.0046 -0.0101 0.0053 0.0048 0.9999 0.0155 -0.0023 0.0101 -0.0156 0.9998 -0.0020
1341836538.2556 0.9999 -0.0071 -0.0089 0.0053 0.0072 0.9999 0.0141 -0.0023 0.0088 -0.0142 0.9999 -0.0021
1341836538.2917 1.0000 -0.0054 -0.0039 0.0040 0.0054 0.9999 0.0123 -0.0022 0.0039 -0.0123 0.9999 -0.0023
1341836538.3233 1.0000 -0.0065 -0.0019 0.0033 0.0065 0.9999 0.0158 -0.0029 0.0018 -0.0158 0.9999 -0.0025
1341836538.3554 1.0000 -0.0077 -0.0013 0.0029 0.0078 0.9998 0.0203 -0.0042 0.0011 -0.0203 0.9998 -0.0027
1341836538.3913 0.9999 -0.0097 -0.0026 0.0029 0.0098 0.9998 0.0198 -0.0042 0.0024 -0.0198 0.9998 -0.0027
1341836538.4235 0.9999 -0.0122 -0.0010 0.0028 0.0122 0.9998 0.0169 -0.0033 0.0008 -0.0169 0.9999 -0.0031
1341836538.4562 0.9999 -0.0133 0.0020 0.0019 0.0133 0.9996 0.0230 -0.0043 -0.0023 -0.0229 0.9997 -0.0032
1341836538.4914 0.9998 -0.0106 0.0164 -0.0015 0.0102 0.9997 0.0229 -0.0043 -0.0166 -0.0227 0.9996 -0.0040
1341836538.5234 0.9998 -0.0109 0.0169 -0.0015 0.0105 0.9996 0.0246 -0.0046 -0.0171 -0.0244 0.9996 -0.0042
1341836538.5564 0.9998 -0.0099 0.0200 -0.0028 0.0093 0.9996 0.0254 -0.0047 -0.0202 -0.0252 0.9995 -0.0042
1341836538.5915 0.9998 -0.0076 0.0179 -0.0030 0.0070 0.9995 0.0296 -0.0057 -0.0181 -0.0295 0.9994 -0.0040
1341836538.6234 0.9998 -0.0072 0.0181 -0.0030 0.0067 0.9995 0.0314 -0.0063 -0.0184 -0.0312 0.9993 -0.0044
1341836538.6592 0.9997 -0.0100 0.0210 -0.0036 0.0093 0.9994 0.0330 -0.0065 -0.0213 -0.0328 0.9992 -0.0049
1341836538.6914 0.9997 -0.0118 0.0215 -0.0040 0.0110 0.9992 0.0385 -0.0076 -0.0220 -0.0382 0.9990 -0.0051
1341836538.7234 0.9997 -0.0117 0.0224 -0.0040 0.0108 0.9992 0.0394 -0.0076 -0.0228 -0.0391 0.9990 -0.0051
1341836538.7594 0.9997 -0.0238 0.0076 -0.0003 0.0235 0.9991 0.0359 -0.0064 -0.0084 -0.0357 0.9993 -0.0044
1341836538.7917 0.9996 -0.0259 0.0106 -0.0013 0.0255 0.9990 0.0381 -0.0069 -0.0116 -0.0378 0.9992 -0.0045
1341836538.8242 0.9996 -0.0259 0.0091 -0.0015 0.0255 0.9989 0.0396 -0.0071 -0.0101 -0.0394 0.9992 -0.0045
1341836538.8596 0.9997 -0.0239 0.0097 -0.0015 0.0235 0.9988 0.0419 -0.0071 -0.0107 -0.0417 0.9991 -0.0046
1341836538.8913 0.9995 -0.0268 0.0184 -0.0039 0.0259 0.9985 0.0476 -0.0081 -0.0196 -0.0471 0.9987 -0.0049
1341836538.9244 0.9996 -0.0271 0.0114 -0.0048 0.0266 0.9986 0.0461 -0.0079 -0.0126 -0.0457 0.9989 -0.0048
1341836538.9593 0.9993 -0.0265 0.0258 -0.0076 0.0253 0.9987 0.0448 -0.0078 -0.0269 -0.0441 0.9987 -0.0045
1341836538.9923 0.9985 -0.0285 0.0474 -0.0104 0.0264 0.9987 0.0447 -0.0077 -0.0486 -0.0434 0.9979 -0.0041
1341836539.0287 0.9977 -0.0328 0.0594 -0.0128 0.0300 0.9984 0.0484 -0.0086 -0.0609 -0.0465 0.9971 -0.0035
1341836539.0595 0.9978 -0.0312 0.0585 -0.0128 0.0286 0.9985 0.0460 -0.0086 -0.0598 -0.0443 0.9972 -0.0035
1341836539.0923 0.9981 -0.0326 0.0520 -0.0110 0.0303 0.9985 0.0446 -0.0086 -0.0534 -0.0429 0.9977 -0.0030
1341836539.1272 0.9980 -0.0329 0.0536 -0.0116 0.0306 0.9985 0.0449 -0.0090 -0.0550 -0.0432 0.9976 -0.0028
1341836539.1596 0.9982 -0.0295 0.0517 -0.0130 0.0272 0.9986 0.0460 -0.0093 -0.0530 -0.0446 0.9976 -0.0027
1341836539.1954 0.9990 -0.0296 0.0340 -0.0107 0.0279 0.9984 0.0490 -0.0100 -0.0354 -0.0480 0.9982 -0.0038
1341836539.2275 0.9992 -0.0224 0.0339 -0.0106 0.0207 0.9985 0.0502 -0.0099 -0.0350 -0.0494 0.9982 -0.0039
1341836539.2604 0.9989 -0.0256 0.0389 -0.0117 0.0239 0.9987 0.0443 -0.0081 -0.0400 -0.0433 0.9983 -0.0042
1341836539.2955 0.9986 -0.0292 0.0434 -0.0136 0.0274 0.9988 0.0404 -0.0067 -0.0445 -0.0391 0.9982 -0.0039
1341836539.3274 0.9986 -0.0298 0.0430 -0.0136 0.0281 0.9988 0.0404 -0.0067 -0.0441 -0.0392 0.9983 -0.0038
1341836539.3634 0.9986 -0.0283 0.0444 -0.0139 0.0265 0.9988 0.0404 -0.0067 -0.0455 -0.0392 0.9982 -0.0038
1341836539.3955 0.9985 -0.0291 0.0473 -0.0150 0.0273 0.9988 0.0397 -0.0063 -0.0484 -0.0384 0.9981 -0.0037
1341836539.4274 0.9986 -0.0281 0.0454 -0.0154 0.0262 0.9988 0.0426 -0.0068 -0.0465 -0.0413 0.9981 -0.0034
1341836539.4634 0.9987 -0.0265 0.0441 -0.0149 0.0246 0.9988 0.0435 -0.0068 -0.0452 -0.0424 0.9981 -0.0035
1341836539.4955 0.9985 -0.0267 0.0477 -0.0154 0.0246 0.9987 0.0449 -0.0071 -0.0489 -0.0437 0.9978 -0.0033
1341836539.5314 0.9983 -0.0273 0.0521 -0.0170 0.0250 0.9987 0.0447 -0.0070 -0.0533 -0.0433 0.9976 -0.0034
1341836539.5634 0.9983 -0.0277 0.0506 -0.0168 0.0254 0.9986 0.0458 -0.0071 -0.0518 -0.0444 0.9977 -0.0031
1341836539.5955 0.9983 -0.0271 0.0518 -0.0168 0.0248 0.9987 0.0451 -0.0071 -0.0529 -0.0437 0.9976 -0.0032
1341836539.6284 0.9984 -0.0261 0.0507 -0.0168 0.0238 0.9987 0.0441 -0.0071 -0.0517 -0.0428 0.9977 -0.0031
1341836539.6604 0.9982 -0.0282 0.0528 -0.0177 0.0258 0.9986 0.0455 -0.0075 -0.0541 -0.0441 0.9976 -0.0032
1341836539.6925 0.9982 -0.0268 0.0530 -0.0181 0.0243 0.9986 0.0474 -0.0080 -0.0542 -0.0460 0.9975 -0.0031
1341836539.7285 0.9983 -0.0241 0.0523 -0.0176 0.0217 0.9987 0.0465 -0.0079 -0.0533 -0.0453 0.9976 -0.0033
1341836539.7604 0.9982 -0.0236 0.0558 -0.0182 0.0211 0.9987 0.0456 -0.0076 -0.0568 -0.0443 0.9974 -0.0033
1341836539.7965 0.9982 -0.0243 0.0551 -0.0182 0.0218 0.9987 0.0461 -0.0076 -0.0562 -0.0448 0.9974 -0.0034
1341836539.8286 0.9982 -0.0239 0.0544 -0.0179 0.0213 0.9987 0.0473 -0.0076 -0.0554 -0.0461 0.9974 -0.0034
1341836539.8604 0.9982 -0.0221 0.0556 -0.0179 0.0195 0.9987 0.0477 -0.0077 -0.0566 -0.0465 0.9973 -0.0033
1341836539.8965 0.9980 -0.0218 0.0590 -0.0185 0.0192 0.9988 0.0443 -0.0072 -0.0599 -0.0431 0.9973 -0.0035
1341836539.9283 0.9981 -0.0220 0.0579 -0.0185 0.0195 0.9988 0.0439 -0.0071 -0.0588 -0.0427 0.9974 -0.0035
1341836539.9674 0.9981 -0.0237 0.0565 -0.0185 0.0212 0.9988 0.0433 -0.0071 -0.0574 -0.0420 0.9975 -0.0036
1341836539.9963 0.9980 -0.0241 0.0589 -0.0192 0.0214 0.9987 0.0461 -0.0077 -0.0600 -0.0448 0.9972 -0.0036
1341836540.0285 0.9978 -0.0240 0.0621 -0.0203 0.0211 0.9987 0.0469 -0.0079 -0.0632 -0.0454 0.9970 -0.0035
1341836540.0643 0.9978 -0.0243 0.0611 -0.0204 0.0215 0.9987 0.0456 -0.0074 -0.0621 -0.0442 0.9971 -0.0033
1341836540.0967 0.9977 -0.0244 0.0625 -0.0210 0.0214 0.9986 0.0480 -0.0077 -0.0636 -0.0466 0.9969 -0.0033
1341836540.1283 0.9978 -0.0242 0.0623 -0.0215 0.0210 0.9985 0.0510 -0.0080 -0.0634 -0.0496 0.9968 -0.0030
1341836540.1647 0.9979 -0.0222 0.0609 -0.0216 0.0190 0.9984 0.0523 -0.0080 -0.0619 -0.0511 0.9968 -0.0031
1341836540.1964 0.9972 -0.0247 0.0699 -0.0234 0.0216 0.9987 0.0458 -0.0064 -0.0709 -0.0442 0.9965 -0.0032
1341836540.2324 0.9968 -0.0295 0.0737 -0.0244 0.0262 0.9986 0.0452 -0.0061 -0.0749 -0.0431 0.9963 -0.0033
1341836540.2643 0.9958 -0.0322 0.0853 -0.0276 0.0289 0.9988 0.0404 -0.0045 -0.0865 -0.0377 0.9955 -0.0039
1341836540.2965 0.9956 -0.0321 0.0883 -0.0283 0.0279 0.9984 0.0484 -0.0065 -0.0897 -0.0458 0.9949 -0.0034
1341836540.3324 0.9946 -0.0335 0.0980 -0.0308 0.0285 0.9982 0.0524 -0.0078 -0.0996 -0.0493 0.9938 -0.0030
1341836540.3645 0.9940 -0.0354 0.1031 -0.0334 0.0303 0.9982 0.0514 -0.0077 -0.1048 -0.0479 0.9933 -0.0027
1341836540.3966 0.9944 -0.0335 0.1002 -0.0335 0.0284 0.9983 0.0515 -0.0077 -0.1017 -0.0483 0.9936 -0.0020
1341836540.4326 0.9935 -0.0295 0.1095 -0.0361 0.0225 0.9976 0.0648 -0.0108 -0.1112 -0.0620 0.9919 -0.0013
1341836540.4643 0.9939 -0.0271 0.1069 -0.0370 0.0205 0.9978 0.0625 -0.0105 -0.1084 -0.0600 0.9923 -0.0011
1341836540.5005 0.9952 -0.0251 0.0950 -0.0357 0.0189 0.9976 0.0659 -0.0112 -0.0964 -0.0638 0.9933 -0.0020
1341836540.5328 0.9954 -0.0202 0.0937 -0.0356 0.0135 0.9973 0.0726 -0.0122 -0.0949 -0.0710 0.9930 -0.0019
1341836540.5645 0.9955 -0.0199 0.0931 -0.0355 0.0130 0.9972 0.0743 -0.0123 -0.0943 -0.0727 0.9929 -0.0021
1341836540.6004 0.9953 -0.0206 0.0944 -0.0360 0.0134 0.9970 0.0767 -0.0127 -0.0957 -0.0751 0.9926 -0.0020
1341836540.6324 0.9955 -0.0206 0.0926 -0.0355 0.0134 0.9969 0.0770 -0.0125 -0.0939 -0.0754 0.9927 -0.0020
1341836540.6644 0.9967 -0.0213 0.0781 -0.0320 0.0155 0.9972 0.0730 -0.0115 -0.0794 -0.0715 0.9943 -0.0022
1341836540.7004 0.9965 -0.0213 0.0808 -0.0326 0.0153 0.9972 0.0734 -0.0115 -0.0822 -0.0719 0.9940 -0.0024
1341836540.7324 0.9962 -0.0212 0.0841 -0.0340 0.0151 0.9973 0.0720 -0.0110 -0.0854 -0.0704 0.9939 -0.0019
1341836540.7683 0.9964 -0.0204 0.0820 -0.0335 0.0145 0.9973 0.0722 -0.0108 -0.0832 -0.0708 0.9940 -0.0018
1341836540.8003 0.9963 -0.0214 0.0828 -0.0334 0.0154 0.9973 0.0720 -0.0106 -0.0841 -0.0705 0.9940 -0.0021
1341836540.8323 0.9963 -0.0217 0.0836 -0.0345 0.0158 0.9974 0.0705 -0.0104 -0.0849 -0.0689 0.9940 -0.0021
1341836540.8684 0.9965 -0.0187 0.0811 -0.0345 0.0131 0.9975 0.0688 -0.0101 -0.0822 -0.0675 0.9943 -0.0018
1341836540.9003 0.9964 -0.0136 0.0842 -0.0351 0.0083 0.9980 0.0630 -0.0088 -0.0849 -0.0621 0.9945 -0.0021
1341836540.9323 0.9964 -0.0127 0.0843 -0.0352 0.0074 0.9980 0.0633 -0.0088 -0.0849 -0.0624 0.9944 -0.0022
1341836540.9683 0.9962 -0.0151 0.0856 -0.0355 0.0095 0.9978 0.0655 -0.0090 -0.0864 -0.0644 0.9942 -0.0023
1341836541.0003 0.9962 -0.0125 0.0866 -0.0359 0.0077 0.9984 0.0553 -0.0073 -0.0871 -0.0544 0.9947 -0.0030
1341836541.0362 0.9960 -0.0118 0.0887 -0.0367 0.0071 0.9986 0.0533 -0.0072 -0.0892 -0.0525 0.9946 -0.0033
1341836541.0714 0.9958 -0.0112 0.0908 -0.0374 0.0064 0.9986 0.0534 -0.0074 -0.0913 -0.0526 0.9944 -0.0033
1341836541.1034 0.9958 -0.0134 0.0901 -0.0372 0.0084 0.9985 0.0549 -0.0079 -0.0907 -0.0539 0.9944 -0.0038
1341836541.1392 0.9959 -0.0124 0.0897 -0.0372 0.0073 0.9984 0.0562 -0.0079 -0.0902 -0.0553 0.9944 -0.0039
1341836541.1713 0.9959 -0.0126 0.0894 -0.0369 0.0075 0.9983 0.0577 -0.0080 -0.0900 -0.0568 0.9943 -0.0042
1341836541.2044 0.9959 -0.0142 0.0890 -0.0369 0.0092 0.9983 0.0570 -0.0080 -0.0896 -0.0560 0.9944 -0.0041
1341836541.2393 0.9960 -0.0158 0.0883 -0.0370 0.0107 0.9983 0.0579 -0.0081 -0.0890 -0.0568 0.9944 -0.0043
1341836541.2714 0.9957 -0.0144 0.0912 -0.0377 0.0088 0.9981 0.0614 -0.0085 -0.0920 -0.0604 0.9939 -0.0042
1341836541.3043 0.9951 -0.0130 0.0976 -0.0390 0.0078 0.9985 0.0538 -0.0068 -0.0981 -0.0528 0.9938 -0.0047
1341836541.3394 0.9951 -0.0111 0.0987 -0.0394 0.0060 0.9986 0.0524 -0.0061 -0.0991 -0.0515 0.9937 -0.0051
1341836541.3713 0.9948 -0.0129 0.1005 -0.0397 0.0077 0.9986 0.0520 -0.0057 -0.1011 -0.0509 0.9936 -0.0055
1341836541.4072 0.9948 -0.0137 0.1006 -0.0397 0.0083 0.9985 0.0537 -0.0056 -0.1012 -0.0526 0.9935 -0.0056
1341836541.4393 0.9946 -0.0119 0.1030 -0.0405 0.0060 0.9983 0.0574 -0.0062 -0.1036 -0.0564 0.9930 -0.0059
1341836541.4723 0.9943 -0.0097 0.1058 -0.0413 0.0033 0.9982 0.0605 -0.0068 -0.1062 -0.0598 0.9925 -0.0062
1341836541.5075 0.9941 -0.0095 0.1084 -0.0420 0.0026 0.9980 0.0637 -0.0072 -0.1088 -0.0630 0.9921 -0.0065
1341836541.5363 0.9927 -0.0072 0.1202 -0.0446 0.0012 0.9988 0.0498 -0.0041 -0.1204 -0.0493 0.9915 -0.0074
1341836541.5724 0.9909 -0.0072 0.1346 -0.0477 0.0017 0.9992 0.0408 -0.0019 -0.1347 -0.0402 0.9901 -0.0079
1341836541.6044 0.9908 -0.0083 0.1349 -0.0477 0.0027 0.9991 0.0417 -0.0019 -0.1351 -0.0409 0.9900 -0.0081
1341836541.6363 0.9908 -0.0100 0.1350 -0.0477 0.0043 0.9991 0.0427 -0.0019 -0.1353 -0.0417 0.9899 -0.0080
1341836541.7076 0.9898 -0.0097 0.1424 -0.0493 0.0039 0.9991 0.0411 -0.0014 -0.1427 -0.0401 0.9890 -0.0092
1341836541.7406 0.9897 -0.0090 0.1430 -0.0495 0.0033 0.9992 0.0398 -0.0011 -0.1432 -0.0389 0.9889 -0.0096
1341836541.7723 0.9894 -0.0087 0.1447 -0.0510 0.0012 0.9986 0.0521 -0.0035 -0.1450 -0.0514 0.9881 -0.0104
1341836541.8044 0.9903 -0.0073 0.1386 -0.0509 0.0002 0.9987 0.0514 -0.0035 -0.1388 -0.0509 0.9890 -0.0106
1341836541.8403 0.9904 -0.0052 0.1380 -0.0513 -0.0021 0.9986 0.0527 -0.0036 -0.1381 -0.0525 0.9890 -0.0114
1341836541.8725 0.9884 -0.0025 0.1518 -0.0544 -0.0048 0.9989 0.0475 -0.0022 -0.1517 -0.0476 0.9873 -0.0114
1341836541.9044 0.9882 -0.0023 0.1530 -0.0547 -0.0068 0.9983 0.0587 -0.0052 -0.1529 -0.0590 0.9865 -0.0113
1341836541.9404 0.9874 -0.0020 0.1581 -0.0561 -0.0076 0.9981 0.0603 -0.0066 -0.1579 -0.0608 0.9856 -0.0112
1341836541.9723 0.9867 -0.0011 0.1626 -0.0575 -0.0088 0.9982 0.0600 -0.0068 -0.1624 -0.0606 0.9849 -0.0114
1341836542.0084 0.9863 -0.0023 0.1652 -0.0589 -0.0077 0.9982 0.0599 -0.0070 -0.1651 -0.0604 0.9844 -0.0114
1341836542.0406 0.9866 0.0005 0.1630 -0.0593 -0.0110 0.9979 0.0633 -0.0080 -0.1626 -0.0642 0.9846 -0.0116
1341836542.0724 0.9867 0.0051 0.1623 -0.0593 -0.0155 0.9979 0.0632 -0.0080 -0.1616 -0.0648 0.9847 -0.0116
1341836542.1087 0.9870 0.0052 0.1609 -0.0592 -0.0155 0.9979 0.0629 -0.0080 -0.1602 -0.0646 0.9850 -0.0116
1341836542.1405 0.9868 0.0057 0.1620 -0.0606 -0.0165 0.9977 0.0652 -0.0087 -0.1613 -0.0670 0.9846 -0.0119
1341836542.1724 0.9864 0.0062 0.1641 -0.0615 -0.0173 0.9977 0.0662 -0.0091 -0.1633 -0.0682 0.9842 -0.0118
1341836542.2084 0.9858 0.0076 0.1679 -0.0632 -0.0188 0.9977 0.0650 -0.0091 -0.1670 -0.0672 0.9837 -0.0116
1341836542.2404 0.9860 0.0064 0.1669 -0.0636 -0.0182 0.9974 0.0693 -0.0100 -0.1660 -0.0713 0.9835 -0.0121
1341836542.2765 0.9858 0.0052 0.1680 -0.0642 -0.0176 0.9973 0.0720 -0.0107 -0.1672 -0.0739 0.9832 -0.0124
1341836542.3083 0.9858 0.0075 0.1677 -0.0648 -0.0198 0.9972 0.0715 -0.0108 -0.1667 -0.0738 0.9833 -0.0120
1341836542.3404 0.9860 0.0087 0.1665 -0.0647 -0.0211 0.9971 0.0729 -0.0112 -0.1654 -0.0754 0.9833 -0.0125
1341836542.3763 0.9840 0.0087 0.1778 -0.0663 -0.0203 0.9978 0.0636 -0.0096 -0.1769 -0.0662 0.9820 -0.0129
1341836542.4089 0.9827 0.0086 0.1851 -0.0677 -0.0177 0.9987 0.0472 -0.0068 -0.1844 -0.0497 0.9816 -0.0131
1341836542.4445 0.9811 0.0110 0.1934 -0.0704 -0.0190 0.9990 0.0395 -0.0051 -0.1927 -0.0424 0.9803 -0.0135
1341836542.4764 0.9804 0.0222 0.1956 -0.0712 -0.0289 0.9991 0.0313 -0.0030 -0.1947 -0.0363 0.9802 -0.0143
1341836542.5085 0.9798 0.0223 0.1985 -0.0719 -0.0300 0.9989 0.0357 -0.0038 -0.1975 -0.0409 0.9795 -0.0149
1341836542.5446 0.9783 0.0231 0.2059 -0.0744 -0.0299 0.9991 0.0297 -0.0022 -0.2051 -0.0353 0.9781 -0.0147
1341836542.5766 0.9778 0.0219 0.2086 -0.0748 -0.0284 0.9992 0.0283 -0.0019 -0.2078 -0.0336 0.9776 -0.0150
1341836542.6087 0.9762 0.0149 0.2166 -0.0761 -0.0235 0.9990 0.0373 -0.0037 -0.2158 -0.0415 0.9756 -0.0150
1341836542.6443 0.9750 0.0137 0.2220 -0.0782 -0.0230 0.9990 0.0392 -0.0043 -0.2212 -0.0434 0.9743 -0.0145
1341836542.6765 0.9766 0.0161 0.2143 -0.0776 -0.0239 0.9991 0.0341 -0.0031 -0.2136 -0.0385 0.9762 -0.0143
1341836542.7124 0.9759 0.0174 0.2174 -0.0787 -0.0259 0.9990 0.0361 -0.0035 -0.2165 -0.0409 0.9754 -0.0141
1341836542.7444 0.9747 0.0197 0.2228 -0.0810 -0.0282 0.9990 0.0348 -0.0030 -0.2219 -0.0402 0.9742 -0.0130
1341836542.7764 0.9762 0.0228 0.2156 -0.0802 -0.0299 0.9991 0.0298 -0.0019 -0.2148 -0.0355 0.9760 -0.0121
1341836542.8122 0.9749 0.0205 0.2216 -0.0810 -0.0276 0.9992 0.0290 -0.0017 -0.2209 -0.0344 0.9747 -0.0109
1341836542.8444 0.9737 0.0180 0.2273 -0.0829 -0.0250 0.9993 0.0279 -0.0014 -0.2267 -0.0328 0.9734 -0.0105
1341836542.8763 0.9743 0.0178 0.2246 -0.0833 -0.0253 0.9992 0.0308 -0.0020 -0.2238 -0.0357 0.9740 -0.0100
1341836542.9124 0.9744 0.0195 0.2241 -0.0837 -0.0268 0.9992 0.0293 -0.0017 -0.2234 -0.0345 0.9741 -0.0097
1341836542.9444 0.9742 0.0193 0.2247 -0.0847 -0.0268 0.9992 0.0304 -0.0019 -0.2239 -0.0356 0.9740 -0.0091
1341836542.9803 0.9753 0.0193 0.2201 -0.0846 -0.0265 0.9992 0.0299 -0.0019 -0.2194 -0.0350 0.9750 -0.0094
1341836543.0124 0.9738 0.0204 0.2267 -0.0863 -0.0272 0.9993 0.0270 -0.0011 -0.2260 -0.0325 0.9736 -0.0096
1341836543.0443 0.9735 0.0186 0.2281 -0.0868 -0.0252 0.9993 0.0260 -0.0007 -0.2275 -0.0311 0.9733 -0.0096
1341836543.0805 0.9738 0.0186 0.2266 -0.0869 -0.0253 0.9993 0.0266 -0.0006 -0.2259 -0.0317 0.9736 -0.0096
1341836543.1125 0.9717 0.0175 0.2356 -0.0892 -0.0233 0.9995 0.0222 0.0007 -0.2351 -0.0271 0.9716 -0.0097
1341836543.1518 0.9693 0.0213 0.2450 -0.0915 -0.0255 0.9996 0.0140 0.0026 -0.2446 -0.0198 0.9694 -0.0092
1341836543.1850 0.9695 0.0226 0.2440 -0.0914 -0.0262 0.9996 0.0115 0.0033 -0.2437 -0.0175 0.9697 -0.0091
1341836543.2123 0.9659 0.0199 0.2582 -0.0941 -0.0213 0.9998 0.0027 0.0053 -0.2581 -0.0081 0.9661 -0.0090
1341836543.2484 0.9638 0.0178 0.2659 -0.0961 -0.0185 0.9998 -0.0000 0.0060 -0.2658 -0.0049 0.9640 -0.0086
1341836543.2805 0.9664 0.0186 0.2564 -0.0951 -0.0195 0.9998 0.0012 0.0060 -0.2563 -0.0062 0.9666 -0.0086
1341836543.3124 0.9667 0.0200 0.2550 -0.0950 -0.0211 0.9998 0.0017 0.0060 -0.2549 -0.0070 0.9669 -0.0086
1341836543.3485 0.9655 0.0208 0.2595 -0.0961 -0.0222 0.9998 0.0025 0.0061 -0.2594 -0.0082 0.9657 -0.0084
1341836543.3803 0.9659 0.0176 0.2582 -0.0961 -0.0191 0.9998 0.0034 0.0061 -0.2580 -0.0082 0.9661 -0.0084
1341836543.4165 0.9662 0.0133 0.2575 -0.0960 -0.0147 0.9999 0.0034 0.0061 -0.2574 -0.0070 0.9663 -0.0083
1341836543.4514 0.9651 0.0128 0.2617 -0.0975 -0.0151 0.9999 0.0066 0.0053 -0.2615 -0.0103 0.9651 -0.0083
1341836543.4835 0.9665 0.0130 0.2563 -0.0963 -0.0147 0.9999 0.0048 0.0055 -0.2562 -0.0084 0.9666 -0.0082
1341836543.5193 0.9657 0.0112 0.2594 -0.0971 -0.0129 0.9999 0.0049 0.0054 -0.2594 -0.0081 0.9657 -0.0083
1341836543.5515 0.9656 0.0104 0.2600 -0.0976 -0.0121 0.9999 0.0052 0.0055 -0.2599 -0.0082 0.9656 -0.0081
1341836543.5835 0.9663 0.0110 0.2571 -0.0967 -0.0136 0.9999 0.0085 0.0049 -0.2570 -0.0117 0.9663 -0.0088
1341836543.6194 0.9651 0.0098 0.2616 -0.0976 -0.0123 0.9999 0.0080 0.0052 -0.2615 -0.0109 0.9651 -0.0090
1341836543.6526 0.9649 0.0091 0.2624 -0.0984 -0.0123 0.9999 0.0104 0.0049 -0.2623 -0.0133 0.9649 -0.0089
1341836543.6844 0.9651 0.0108 0.2617 -0.0982 -0.0141 0.9998 0.0105 0.0049 -0.2616 -0.0138 0.9651 -0.0092
1341836543.7193 0.9641 0.0093 0.2655 -0.0988 -0.0134 0.9998 0.0134 0.0045 -0.2653 -0.0165 0.9640 -0.0094
1341836543.7514 0.9632 0.0070 0.2687 -0.0999 -0.0117 0.9998 0.0159 0.0042 -0.2686 -0.0184 0.9631 -0.0093
1341836543.7874 0.9627 0.0052 0.2705 -0.1006 -0.0099 0.9998 0.0162 0.0041 -0.2703 -0.0183 0.9626 -0.0090
1341836543.8197 0.9623 0.0056 0.2720 -0.1012 -0.0108 0.9998 0.0179 0.0037 -0.2719 -0.0201 0.9621 -0.0091
1341836543.8513 0.9614 0.0051 0.2753 -0.1023 -0.0109 0.9998 0.0192 0.0034 -0.2751 -0.0215 0.9612 -0.0089
1341836543.8874 0.9599 0.0032 0.2803 -0.1046 -0.0110 0.9996 0.0263 0.0018 -0.2801 -0.0283 0.9596 -0.0091
1341836543.9194 0.9607 0.0037 0.2775 -0.1046 -0.0114 0.9996 0.0260 0.0020 -0.2773 -0.0281 0.9604 -0.0089
1341836543.9523 0.9605 0.0049 0.2784 -0.1047 -0.0123 0.9996 0.0251 0.0023 -0.2782 -0.0275 0.9601 -0.0088
1341836543.9873 0.9593 0.0034 0.2825 -0.1056 -0.0085 0.9998 0.0168 0.0039 -0.2824 -0.0185 0.9591 -0.0085
1341836544.0195 0.9597 0.0030 0.2811 -0.1056 -0.0079 0.9998 0.0163 0.0039 -0.2810 -0.0179 0.9595 -0.0084
1341836544.0522 0.9598 0.0027 0.2807 -0.1052 -0.0077 0.9998 0.0167 0.0040 -0.2806 -0.0182 0.9597 -0.0086
1341836544.0875 0.9592 0.0021 0.2828 -0.1057 -0.0068 0.9999 0.0156 0.0041 -0.2828 -0.0169 0.9590 -0.0083
1341836544.1194 0.9585 0.0011 0.2850 -0.1071 -0.0056 0.9999 0.0150 0.0041 -0.2849 -0.0160 0.9584 -0.0078
1341836544.1555 0.9602 0.0040 0.2794 -0.1060 -0.0080 0.9999 0.0130 0.0047 -0.2793 -0.0147 0.9601 -0.0079
1341836544.1873 0.9606 0.0058 0.2780 -0.1053 -0.0100 0.9999 0.0135 0.0049 -0.2779 -0.0157 0.9605 -0.0082
1341836544.2204 0.9596 0.0054 0.2812 -0.1065 -0.0088 0.9999 0.0109 0.0055 -0.2811 -0.0129 0.9596 -0.0079
1341836544.2553 0.9605 0.0051 0.2781 -0.1063 -0.0084 0.9999 0.0105 0.0059 -0.2781 -0.0124 0.9605 -0.0075
1341836544.2875 0.9623 0.0049 0.2720 -0.1046 -0.0069 1.0000 0.0064 0.0071 -0.2720 -0.0081 0.9623 -0.0075
1341836544.3233 0.9619 0.0067 0.2733 -0.1047 -0.0089 0.9999 0.0068 0.0070 -0.2732 -0.0090 0.9619 -0.0073
1341836544.3553 0.9612 0.0087 0.2756 -0.1058 -0.0102 0.9999 0.0040 0.0075 -0.2755 -0.0067 0.9613 -0.0070
1341836544.3874 0.9621 0.0103 0.2726 -0.1059 -0.0120 0.9999 0.0046 0.0073 -0.2725 -0.0077 0.9621 -0.0067
1341836544.4233 0.9618 0.0139 0.2733 -0.1062 -0.0160 0.9999 0.0056 0.0067 -0.2732 -0.0097 0.9619 -0.0065
1341836544.4554 0.9613 0.0159 0.2752 -0.1071 -0.0178 0.9998 0.0044 0.0067 -0.2750 -0.0091 0.9614 -0.0061
1341836544.4914 0.9625 0.0178 0.2708 -0.1071 -0.0195 0.9998 0.0036 0.0067 -0.2707 -0.0087 0.9626 -0.0063
1341836544.5236 0.9625 0.0189 0.2706 -0.1074 -0.0207 0.9998 0.0035 0.0066 -0.2705 -0.0090 0.9627 -0.0061
1341836544.5553 0.9627 0.0202 0.2697 -0.1079 -0.0221 0.9997 0.0041 0.0064 -0.2695 -0.0099 0.9629 -0.0058
1341836544.5914 0.9640 0.0276 0.2644 -0.1076 -0.0293 0.9996 0.0025 0.0067 -0.2642 -0.0102 0.9644 -0.0060
1341836544.6234 0.9639 0.0305 0.2646 -0.1081 -0.0326 0.9995 0.0034 0.0067 -0.2644 -0.0119 0.9644 -0.0060
1341836544.6593 0.9645 0.0301 0.2623 -0.1081 -0.0319 0.9995 0.0025 0.0067 -0.2621 -0.0107 0.9650 -0.0060
1341836544.6913 0.9644 0.0301 0.2626 -0.1084 -0.0314 0.9995 0.0008 0.0070 -0.2625 -0.0091 0.9649 -0.0061
1341836544.7275 0.9634 0.0301 0.2665 -0.1097 -0.0313 0.9995 0.0000 0.0072 -0.2663 -0.0083 0.9638 -0.0059
1341836544.7595 0.9631 0.0291 0.2677 -0.1106 -0.0316 0.9995 0.0052 0.0061 -0.2674 -0.0135 0.9635 -0.0060
1341836544.7917 0.9634 0.0297 0.2663 -0.1112 -0.0328 0.9994 0.0073 0.0056 -0.2659 -0.0157 0.9639 -0.0059
1341836544.8275 0.9630 0.0305 0.2677 -0.1123 -0.0333 0.9994 0.0059 0.0060 -0.2674 -0.0146 0.9635 -0.0053
1341836544.8593 0.9633 0.0312 0.2665 -0.1128 -0.0342 0.9994 0.0069 0.0058 -0.2661 -0.0158 0.9638 -0.0050
1341836544.8955 0.9599 0.0362 0.2781 -0.1160 -0.0390 0.9992 0.0046 0.0059 -0.2777 -0.0153 0.9605 -0.0052
1341836544.9273 0.9594 0.0371 0.2795 -0.1162 -0.0397 0.9992 0.0036 0.0061 -0.2791 -0.0145 0.9601 -0.0052
1341836544.9593 0.9587 0.0345 0.2822 -0.1169 -0.0369 0.9993 0.0029 0.0063 -0.2819 -0.0132 0.9593 -0.0050
1341836544.9955 0.9577 0.0337 0.2859 -0.1181 -0.0361 0.9993 0.0032 0.0060 -0.2856 -0.0134 0.9583 -0.0046
1341836545.0273 0.9582 0.0341 0.2841 -0.1179 -0.0363 0.9993 0.0024 0.0062 -0.2839 -0.0126 0.9588 -0.0046
1341836545.0594 0.9574 0.0343 0.2868 -0.1188 -0.0366 0.9993 0.0024 0.0063 -0.2865 -0.0128 0.9580 -0.0045
1341836545.0954 0.9560 0.0326 0.2915 -0.1206 -0.0351 0.9994 0.0033 0.0061 -0.2912 -0.0134 0.9566 -0.0044
1341836545.1275 0.9563 0.0308 0.2908 -0.1206 -0.0336 0.9994 0.0048 0.0059 -0.2905 -0.0143 0.9568 -0.0046
1341836545.1634 0.9556 0.0286 0.2932 -0.1213 -0.0312 0.9995 0.0042 0.0061 -0.2930 -0.0132 0.9560 -0.0046
1341836545.1955 0.9543 0.0257 0.2979 -0.1231 -0.0275 0.9996 0.0019 0.0070 -0.2977 -0.0101 0.9546 -0.0039
1341836545.2274 0.9551 0.0277 0.2951 -0.1225 -0.0296 0.9996 0.0022 0.0072 -0.2949 -0.0108 0.9555 -0.0042
1341836545.2633 0.9545 0.0293 0.2969 -0.1224 -0.0310 0.9995 0.0010 0.0075 -0.2967 -0.0102 0.9549 -0.0043
1341836545.2955 0.9501 0.0302 0.3106 -0.1257 -0.0318 0.9995 0.0003 0.0075 -0.3104 -0.0101 0.9506 -0.0040
1341836545.3275 0.9498 0.0285 0.3114 -0.1264 -0.0309 0.9995 0.0027 0.0068 -0.3112 -0.0122 0.9503 -0.0038
1341836545.3635 0.9496 0.0271 0.3123 -0.1267 -0.0298 0.9995 0.0039 0.0066 -0.3121 -0.0131 0.9500 -0.0040
1341836545.3956 0.9484 0.0255 0.3161 -0.1280 -0.0275 0.9996 0.0018 0.0073 -0.3159 -0.0104 0.9487 -0.0034
1341836545.4275 0.9489 0.0247 0.3147 -0.1280 -0.0271 0.9996 0.0032 0.0073 -0.3145 -0.0116 0.9492 -0.0034
1341836545.4634 0.9373 0.0138 0.3484 -0.1356 -0.0191 0.9997 0.0118 0.0068 -0.3481 -0.0177 0.9373 -0.0052
1341836545.4954 0.9361 0.0082 0.3515 -0.1361 -0.0126 0.9999 0.0102 0.0081 -0.3514 -0.0140 0.9361 -0.0054
1341836545.5315 0.9350 0.0068 0.3546 -0.1375 -0.0109 0.9999 0.0095 0.0085 -0.3544 -0.0128 0.9350 -0.0048
1341836545.5633 0.9352 0.0058 0.3540 -0.1375 -0.0102 0.9999 0.0105 0.0085 -0.3539 -0.0135 0.9352 -0.0048
1341836545.5955 0.9361 0.0044 0.3518 -0.1373 -0.0095 0.9999 0.0126 0.0083 -0.3517 -0.0152 0.9360 -0.0051
1341836545.6313 0.9369 0.0038 0.3495 -0.1381 -0.0100 0.9998 0.0160 0.0077 -0.3494 -0.0185 0.9368 -0.0050
1341836545.6635 0.9374 0.0036 0.3483 -0.1389 -0.0100 0.9998 0.0167 0.0078 -0.3482 -0.0192 0.9372 -0.0050
1341836545.6959 0.9382 0.0065 0.3459 -0.1394 -0.0141 0.9997 0.0196 0.0076 -0.3457 -0.0232 0.9381 -0.0056
1341836545.7315 0.9389 0.0104 0.3441 -0.1403 -0.0201 0.9995 0.0246 0.0069 -0.3436 -0.0300 0.9386 -0.0063
1341836545.7636 0.9395 0.0113 0.3425 -0.1405 -0.0215 0.9994 0.0261 0.0068 -0.3420 -0.0318 0.9392 -0.0067
1341836545.7954 0.9397 0.0106 0.3418 -0.1405 -0.0211 0.9994 0.0270 0.0068 -0.3413 -0.0326 0.9394 -0.0067
1341836545.8314 0.9392 0.0104 0.3432 -0.1407 -0.0209 0.9994 0.0270 0.0068 -0.3427 -0.0325 0.9389 -0.0064
1341836545.8633 0.9380 0.0127 0.3463 -0.1415 -0.0231 0.9994 0.0259 0.0069 -0.3458 -0.0323 0.9378 -0.0064
1341836545.8963 0.9383 0.0144 0.3454 -0.1418 -0.0245 0.9994 0.0248 0.0072 -0.3448 -0.0318 0.9381 -0.0066
1341836545.9316 0.9385 0.0168 0.3448 -0.1420 -0.0275 0.9993 0.0260 0.0072 -0.3441 -0.0338 0.9383 -0.0066
1341836545.9635 0.9378 0.0193 0.3466 -0.1424 -0.0299 0.9992 0.0254 0.0073 -0.3458 -0.0342 0.9377 -0.0064
1341836545.9992 0.9380 0.0198 0.3460 -0.1424 -0.0305 0.9992 0.0255 0.0074 -0.3453 -0.0344 0.9379 -0.0065
1341836546.0315 0.9376 0.0200 0.3471 -0.1425 -0.0310 0.9992 0.0262 0.0074 -0.3463 -0.0353 0.9375 -0.0064
1341836546.0634 0.9364 0.0195 0.3504 -0.1430 -0.0305 0.9992 0.0258 0.0076 -0.3496 -0.0348 0.9363 -0.0061
1341836546.0993 0.9361 0.0187 0.3513 -0.1431 -0.0298 0.9992 0.0261 0.0077 -0.3505 -0.0349 0.9359 -0.0063
1341836546.1318 0.9358 0.0171 0.3521 -0.1433 -0.0283 0.9992 0.0266 0.0079 -0.3514 -0.0349 0.9356 -0.0064
1341836546.1644 0.9355 0.0159 0.3530 -0.1434 -0.0274 0.9992 0.0276 0.0077 -0.3523 -0.0355 0.9352 -0.0065
1341836546.1993 0.9353 0.0151 0.3535 -0.1436 -0.0265 0.9993 0.0275 0.0077 -0.3528 -0.0351 0.9350 -0.0066
1341836546.2315 0.9352 0.0141 0.3539 -0.1438 -0.0251 0.9993 0.0267 0.0079 -0.3533 -0.0339 0.9349 -0.0066
1341836546.2643 0.9350 0.0127 0.3543 -0.1447 -0.0239 0.9993 0.0273 0.0077 -0.3537 -0.0340 0.9347 -0.0068
1341836546.2994 0.9361 0.0152 0.3513 -0.1447 -0.0260 0.9993 0.0260 0.0080 -0.3507 -0.0335 0.9359 -0.0072
1341836546.3313 0.9363 0.0173 0.3507 -0.1448 -0.0283 0.9993 0.0262 0.0080 -0.3500 -0.0344 0.9361 -0.0073
1341836546.3674 0.9372 0.0205 0.3481 -0.1449 -0.0313 0.9992 0.0253 0.0080 -0.3473 -0.0346 0.9371 -0.0074
1341836546.3996 0.9384 0.0228 0.3448 -0.1448 -0.0331 0.9992 0.0240 0.0082 -0.3439 -0.0339 0.9384 -0.0077
1341836546.4323 0.9386 0.0256 0.3442 -0.1449 -0.0354 0.9991 0.0224 0.0088 -0.3433 -0.0332 0.9386 -0.0077
1341836546.4675 0.9384 0.0297 0.3442 -0.1452 -0.0395 0.9990 0.0214 0.0088 -0.3432 -0.0337 0.9387 -0.0078
1341836546.4992 0.9380 0.0302 0.3452 -0.1454 -0.0399 0.9990 0.0209 0.0090 -0.3443 -0.0333 0.9383 -0.0078
1341836546.5355 0.9370 0.0281 0.3483 -0.1457 -0.0387 0.9990 0.0235 0.0084 -0.3473 -0.0355 0.9371 -0.0079
1341836546.5674 0.9365 0.0264 0.3497 -0.1462 -0.0368 0.9991 0.0232 0.0085 -0.3488 -0.0347 0.9366 -0.0078
1341836546.5993 0.9375 0.0311 0.3466 -0.1462 -0.0411 0.9989 0.0217 0.0086 -0.3456 -0.0346 0.9378 -0.0078
1341836546.6354 0.9371 0.0375 0.3470 -0.1464 -0.0472 0.9987 0.0196 0.0088 -0.3458 -0.0347 0.9377 -0.0077
1341836546.6680 0.9365 0.0383 0.3487 -0.1470 -0.0477 0.9987 0.0186 0.0090 -0.3475 -0.0341 0.9371 -0.0075
1341836546.7035 0.9362 0.0380 0.3495 -0.1476 -0.0470 0.9987 0.0173 0.0091 -0.3484 -0.0326 0.9368 -0.0073
1341836546.7387 0.9364 0.0406 0.3486 -0.1476 -0.0488 0.9987 0.0150 0.0095 -0.3475 -0.0311 0.9372 -0.0073
1341836546.8035 0.9370 0.0429 0.3467 -0.1481 -0.0514 0.9986 0.0154 0.0091 -0.3456 -0.0322 0.9378 -0.0077
1341836546.8328 0.9386 0.0430 0.3423 -0.1477 -0.0510 0.9986 0.0143 0.0092 -0.3412 -0.0308 0.9395 -0.0084
1341836546.8685 0.9383 0.0435 0.3430 -0.1478 -0.0512 0.9986 0.0137 0.0093 -0.3419 -0.0304 0.9392 -0.0084
1341836546.9004 0.9331 0.0433 0.3570 -0.1514 -0.0495 0.9987 0.0083 0.0106 -0.3562 -0.0255 0.9341 -0.0067
1341836546.9325 0.9357 0.0403 0.3504 -0.1515 -0.0465 0.9989 0.0093 0.0106 -0.3497 -0.0250 0.9365 -0.0068
1341836546.9713 0.9385 0.0409 0.3428 -0.1506 -0.0478 0.9988 0.0115 0.0102 -0.3419 -0.0272 0.9394 -0.0077
1341836547.0003 0.9389 0.0436 0.3414 -0.1506 -0.0509 0.9986 0.0126 0.0102 -0.3403 -0.0293 0.9398 -0.0078
1341836547.0326 0.9341 0.0421 0.3545 -0.1552 -0.0477 0.9988 0.0071 0.0120 -0.3538 -0.0236 0.9350 -0.0077
1341836547.0686 0.9350 0.0430 0.3520 -0.1552 -0.0493 0.9987 0.0092 0.0116 -0.3512 -0.0260 0.9359 -0.0081
1341836547.1006 0.9370 0.0443 0.3464 -0.1535 -0.0513 0.9986 0.0113 0.0110 -0.3455 -0.0283 0.9380 -0.0088
1341836547.1363 0.9349 0.0392 0.3527 -0.1544 -0.0472 0.9988 0.0143 0.0106 -0.3517 -0.0300 0.9356 -0.0084
1341836547.1686 0.9347 0.0361 0.3537 -0.1544 -0.0456 0.9988 0.0185 0.0103 -0.3526 -0.0335 0.9352 -0.0086
1341836547.2003 0.9303 0.0342 0.3652 -0.1562 -0.0449 0.9988 0.0207 0.0100 -0.3641 -0.0357 0.9307 -0.0080
1341836547.2364 0.9290 0.0323 0.3686 -0.1570 -0.0432 0.9988 0.0213 0.0101 -0.3675 -0.0357 0.9294 -0.0078
1341836547.2695 0.9314 0.0330 0.3626 -0.1568 -0.0441 0.9988 0.0223 0.0099 -0.3614 -0.0368 0.9317 -0.0089
1341836547.3004 0.9316 0.0345 0.3617 -0.1570 -0.0458 0.9987 0.0227 0.0099 -0.3605 -0.0377 0.9320 -0.0091
1341836547.3364 0.9319 0.0350 0.3611 -0.1572 -0.0470 0.9986 0.0245 0.0098 -0.3598 -0.0397 0.9322 -0.0093
1341836547.3686 0.9321 0.0318 0.3608 -0.1572 -0.0452 0.9986 0.0286 0.0093 -0.3594 -0.0430 0.9322 -0.0095
1341836547.4045 0.9327 0.0310 0.3594 -0.1573 -0.0453 0.9985 0.0313 0.0089 -0.3579 -0.0455 0.9327 -0.0098
1341836547.4365 0.9333 0.0311 0.3579 -0.1573 -0.0447 0.9986 0.0296 0.0090 -0.3564 -0.0436 0.9333 -0.0100
1341836547.4754 0.9326 0.0318 0.3595 -0.1585 -0.0456 0.9985 0.0301 0.0087 -0.3580 -0.0444 0.9326 -0.0107
1341836547.5044 0.9343 0.0319 0.3551 -0.1592 -0.0451 0.9986 0.0291 0.0089 -0.3537 -0.0432 0.9344 -0.0117
1341836547.5365 0.9352 0.0316 0.3528 -0.1592 -0.0443 0.9986 0.0279 0.0089 -0.3515 -0.0417 0.9353 -0.0120
1341836547.5684 0.9355 0.0310 0.3519 -0.1594 -0.0432 0.9987 0.0270 0.0089 -0.3506 -0.0405 0.9356 -0.0122
1341836547.6043 0.9373 0.0300 0.3473 -0.1596 -0.0434 0.9986 0.0308 0.0082 -0.3459 -0.0440 0.9373 -0.0117
1341836547.6364 0.9398 0.0306 0.3404 -0.1587 -0.0446 0.9984 0.0334 0.0075 -0.3388 -0.0466 0.9397 -0.0122
1341836547.6723 0.9346 0.0327 0.3543 -0.1626 -0.0476 0.9983 0.0334 0.0072 -0.3526 -0.0481 0.9345 -0.0113
1341836547.7044 0.9362 0.0302 0.3502 -0.1628 -0.0457 0.9983 0.0359 0.0065 -0.3485 -0.0496 0.9360 -0.0120
1341836547.7365 0.9374 0.0290 0.3469 -0.1627 -0.0447 0.9983 0.0374 0.0061 -0.3453 -0.0506 0.9371 -0.0125
1341836547.7724 0.9369 0.0296 0.3484 -0.1638 -0.0451 0.9983 0.0365 0.0063 -0.3468 -0.0499 0.9366 -0.0122
1341836547.8044 0.9391 0.0291 0.3424 -0.1635 -0.0457 0.9981 0.0406 0.0053 -0.3406 -0.0538 0.9387 -0.0130
1341836547.8403 0.9403 0.0283 0.3392 -0.1634 -0.0450 0.9981 0.0413 0.0051 -0.3374 -0.0541 0.9398 -0.0138
1341836547.8724 0.9401 0.0270 0.3397 -0.1646 -0.0432 0.9983 0.0402 0.0052 -0.3380 -0.0525 0.9397 -0.0135
1341836547.9045 0.9422 0.0271 0.3340 -0.1646 -0.0433 0.9982 0.0412 0.0051 -0.3322 -0.0533 0.9417 -0.0139
1341836547.9402 0.9428 0.0272 0.3323 -0.1649 -0.0434 0.9982 0.0415 0.0048 -0.3306 -0.0535 0.9422 -0.0140
1341836547.9723 0.9392 0.0276 0.3424 -0.1675 -0.0424 0.9985 0.0358 0.0060 -0.3409 -0.0481 0.9389 -0.0123
1341836548.0044 0.9392 0.0272 0.3424 -0.1679 -0.0423 0.9984 0.0367 0.0059 -0.3409 -0.0490 0.9388 -0.0123
1341836548.0404 0.9390 0.0264 0.3430 -0.1684 -0.0419 0.9984 0.0380 0.0058 -0.3414 -0.0500 0.9386 -0.0121
1341836548.0723 0.9393 0.0270 0.3420 -0.1690 -0.0426 0.9984 0.0383 0.0055 -0.3404 -0.0505 0.9389 -0.0123
1341836548.1084 0.9408 0.0277 0.3379 -0.1690 -0.0430 0.9984 0.0379 0.0055 -0.3363 -0.0502 0.9404 -0.0123
1341836548.1404 0.9406 0.0293 0.3383 -0.1696 -0.0449 0.9983 0.0384 0.0053 -0.3366 -0.0513 0.9402 -0.0120
1341836548.1723 0.9429 0.0288 0.3319 -0.1689 -0.0449 0.9981 0.0411 0.0046 -0.3301 -0.0536 0.9424 -0.0126
1341836548.2085 0.9441 0.0303 0.3282 -0.1690 -0.0462 0.9981 0.0410 0.0046 -0.3263 -0.0538 0.9437 -0.0126
1341836548.2404 0.9446 0.0325 0.3267 -0.1690 -0.0486 0.9980 0.0413 0.0045 -0.3247 -0.0549 0.9442 -0.0127
1341836548.2730 0.9443 0.0333 0.3275 -0.1694 -0.0499 0.9978 0.0425 0.0042 -0.3254 -0.0565 0.9439 -0.0126
1341836548.3084 0.9450 0.0335 0.3254 -0.1693 -0.0502 0.9978 0.0430 0.0041 -0.3233 -0.0569 0.9446 -0.0129
1341836548.3405 0.9451 0.0328 0.3250 -0.1693 -0.0499 0.9978 0.0444 0.0038 -0.3228 -0.0582 0.9447 -0.0131
1341836548.3765 0.9448 0.0292 0.3265 -0.1693 -0.0463 0.9979 0.0449 0.0038 -0.3245 -0.0575 0.9441 -0.0130
1341836548.4114 0.9431 0.0254 0.3314 -0.1704 -0.0419 0.9982 0.0427 0.0045 -0.3298 -0.0542 0.9425 -0.0123
1341836548.4436 0.9441 0.0269 0.3285 -0.1704 -0.0431 0.9982 0.0423 0.0045 -0.3267 -0.0541 0.9436 -0.0123
1341836548.4794 0.9442 0.0281 0.3281 -0.1702 -0.0455 0.9979 0.0456 0.0037 -0.3261 -0.0580 0.9436 -0.0124
1341836548.5116 0.9437 0.0251 0.3298 -0.1709 -0.0431 0.9979 0.0475 0.0034 -0.3279 -0.0590 0.9429 -0.0122
1341836548.5435 0.9445 0.0269 0.3273 -0.1711 -0.0451 0.9978 0.0481 0.0029 -0.3253 -0.0602 0.9437 -0.0124
1341836548.5794 0.9440 0.0287 0.3288 -0.1715 -0.0474 0.9977 0.0488 0.0026 -0.3266 -0.0616 0.9431 -0.0123
1341836548.6113 0.9439 0.0273 0.3292 -0.1720 -0.0464 0.9977 0.0503 0.0024 -0.3271 -0.0627 0.9429 -0.0124
1341836548.6443 0.9379 0.0287 0.3457 -0.1758 -0.0462 0.9980 0.0424 0.0040 -0.3438 -0.0557 0.9374 -0.0111
1341836548.6794 0.9373 0.0257 0.3476 -0.1758 -0.0441 0.9980 0.0451 0.0034 -0.3458 -0.0576 0.9365 -0.0113
1341836548.7114 0.9354 0.0236 0.3527 -0.1767 -0.0423 0.9981 0.0454 0.0035 -0.3509 -0.0574 0.9346 -0.0112
1341836548.7444 0.9332 0.0224 0.3587 -0.1780 -0.0375 0.9987 0.0352 0.0055 -0.3575 -0.0463 0.9328 -0.0108
1341836548.7793 0.9326 0.0218 0.3604 -0.1782 -0.0380 0.9986 0.0379 0.0050 -0.3590 -0.0491 0.9320 -0.0111
1341836548.8114 0.9309 0.0184 0.3648 -0.1788 -0.0350 0.9986 0.0389 0.0049 -0.3636 -0.0490 0.9303 -0.0114
1341836548.8473 0.9315 0.0126 0.3636 -0.1789 -0.0291 0.9988 0.0398 0.0048 -0.3627 -0.0476 0.9307 -0.0116
1341836548.8795 0.9295 0.0118 0.3686 -0.1799 -0.0266 0.9990 0.0350 0.0057 -0.3678 -0.0423 0.9289 -0.0113
1341836548.9124 0.9284 0.0123 0.3714 -0.1806 -0.0273 0.9990 0.0351 0.0055 -0.3706 -0.0427 0.9278 -0.0112
1341836548.9474 0.9290 0.0107 0.3698 -0.1809 -0.0261 0.9990 0.0367 0.0052 -0.3690 -0.0437 0.9284 -0.0116
1341836549.0155 0.9283 0.0141 0.3715 -0.1809 -0.0328 0.9985 0.0441 0.0034 -0.3704 -0.0531 0.9274 -0.0131
1341836549.0443 0.9283 0.0126 0.3715 -0.1809 -0.0314 0.9985 0.0445 0.0034 -0.3704 -0.0530 0.9274 -0.0132
1341836549.0803 0.9280 0.0097 0.3726 -0.1813 -0.0290 0.9985 0.0462 0.0031 -0.3716 -0.0536 0.9269 -0.0136
1341836549.1154 0.9281 0.0090 0.3721 -0.1823 -0.0281 0.9985 0.0460 0.0035 -0.3712 -0.0531 0.9270 -0.0142
1341836549.1475 0.9348 0.0107 0.3551 -0.1792 -0.0301 0.9983 0.0492 0.0027 -0.3540 -0.0566 0.9335 -0.0158
1341836549.1834 0.9276 0.0105 0.3733 -0.1841 -0.0294 0.9986 0.0450 0.0039 -0.3723 -0.0527 0.9266 -0.0156
1341836549.2154 0.9271 0.0061 0.3749 -0.1850 -0.0255 0.9986 0.0468 0.0039 -0.3741 -0.0529 0.9259 -0.0154
1341836549.2475 0.9270 0.0073 0.3750 -0.1852 -0.0273 0.9985 0.0482 0.0037 -0.3741 -0.0550 0.9258 -0.0155
1341836549.2833 0.9254 0.0111 0.3788 -0.1865 -0.0311 0.9984 0.0467 0.0038 -0.3777 -0.0550 0.9243 -0.0152
1341836549.3156 0.9265 0.0109 0.3761 -0.1873 -0.0308 0.9984 0.0471 0.0037 -0.3750 -0.0552 0.9254 -0.0153
1341836549.3482 0.9261 0.0118 0.3772 -0.1883 -0.0326 0.9983 0.0488 0.0036 -0.3760 -0.0575 0.9248 -0.0152
1341836549.3833 0.9205 0.0155 0.3904 -0.1920 -0.0424 0.9973 0.0604 0.0008 -0.3884 -0.0722 0.9186 -0.0141
1341836549.4154 0.9214 0.0197 0.3880 -0.1925 -0.0474 0.9970 0.0619 0.0002 -0.3856 -0.0754 0.9196 -0.0139
1341836549.4514 0.9161 0.0203 0.4005 -0.1959 -0.0493 0.9968 0.0623 -0.0000 -0.3980 -0.0768 0.9142 -0.0127
1341836549.4834 0.9167 0.0193 0.3990 -0.1960 -0.0480 0.9969 0.0621 -0.0001 -0.3966 -0.0761 0.9148 -0.0132
1341836549.5154 0.9158 0.0208 0.4011 -0.1968 -0.0495 0.9969 0.0613 -0.0000 -0.3985 -0.0760 0.9140 -0.0128
1341836549.5515 0.9145 0.0237 0.4038 -0.1978 -0.0534 0.9966 0.0624 -0.0005 -0.4010 -0.0786 0.9127 -0.0123
1341836549.5835 0.9153 0.0232 0.4020 -0.1978 -0.0524 0.9967 0.0618 -0.0006 -0.3992 -0.0776 0.9136 -0.0129
1341836549.6193 0.9147 0.0232 0.4034 -0.1986 -0.0529 0.9966 0.0627 -0.0009 -0.4005 -0.0787 0.9129 -0.0126
1341836549.6515 0.9152 0.0239 0.4024 -0.1988 -0.0534 0.9966 0.0624 -0.0010 -0.3995 -0.0786 0.9134 -0.0129
1341836549.6834 0.9160 0.0236 0.4006 -0.1989 -0.0533 0.9966 0.0632 -0.0014 -0.3977 -0.0793 0.9141 -0.0134
1341836549.7192 0.9152 0.0260 0.4021 -0.2000 -0.0566 0.9963 0.0643 -0.0019 -0.3990 -0.0816 0.9133 -0.0127
1341836549.7514 0.9149 0.0275 0.4026 -0.2007 -0.0580 0.9963 0.0636 -0.0020 -0.3994 -0.0815 0.9132 -0.0124
1341836549.7875 0.9142 0.0273 0.4043 -0.2017 -0.0569 0.9965 0.0614 -0.0015 -0.4013 -0.0791 0.9125 -0.0119
1341836549.8193 0.9168 0.0290 0.3983 -0.2019 -0.0575 0.9966 0.0597 -0.0012 -0.3952 -0.0776 0.9153 -0.0123
1341836549.8517 0.9200 0.0309 0.3907 -0.2014 -0.0606 0.9961 0.0640 -0.0021 -0.3872 -0.0826 0.9183 -0.0134
1341836549.8874 0.9219 0.0305 0.3862 -0.2016 -0.0613 0.9958 0.0676 -0.0027 -0.3825 -0.0860 0.9199 -0.0139
1341836549.9195 0.9247 0.0308 0.3795 -0.2017 -0.0612 0.9958 0.0684 -0.0027 -0.3758 -0.0864 0.9227 -0.0140
1341836549.9554 0.9250 0.0336 0.3785 -0.2020 -0.0645 0.9955 0.0693 -0.0030 -0.3745 -0.0885 0.9230 -0.0135
1341836549.9874 0.9255 0.0363 0.3770 -0.2026 -0.0663 0.9955 0.0670 -0.0026 -0.3729 -0.0870 0.9238 -0.0129
1341836550.0194 0.9274 0.0368 0.3724 -0.2023 -0.0667 0.9955 0.0677 -0.0028 -0.3682 -0.0876 0.9256 -0.0132
1341836550.0553 0.9282 0.0356 0.3703 -0.2023 -0.0656 0.9955 0.0687 -0.0027 -0.3662 -0.0881 0.9264 -0.0135
1341836550.0874 0.9290 0.0365 0.3683 -0.2026 -0.0665 0.9954 0.0690 -0.0025 -0.3641 -0.0886 0.9271 -0.0132
1341836550.1194 0.9292 0.0404 0.3674 -0.2026 -0.0703 0.9952 0.0684 -0.0025 -0.3629 -0.0894 0.9275 -0.0130
1341836550.1554 0.9296 0.0407 0.3664 -0.2030 -0.0704 0.9952 0.0681 -0.0024 -0.3619 -0.0891 0.9279 -0.0129
1341836550.1873 0.9315 0.0400 0.3616 -0.2028 -0.0695 0.9952 0.0689 -0.0024 -0.3571 -0.0893 0.9298 -0.0128
1341836550.2234 0.9316 0.0390 0.3614 -0.2028 -0.0690 0.9951 0.0706 -0.0026 -0.3569 -0.0907 0.9297 -0.0127
1341836550.2554 0.9312 0.0379 0.3626 -0.2034 -0.0664 0.9956 0.0664 -0.0016 -0.3585 -0.0859 0.9296 -0.0120
1341836550.2876 0.9343 0.0375 0.3544 -0.2035 -0.0649 0.9957 0.0658 -0.0016 -0.3505 -0.0844 0.9328 -0.0122
1341836550.3205 0.9362 0.0410 0.3492 -0.2033 -0.0694 0.9952 0.0690 -0.0024 -0.3447 -0.0888 0.9345 -0.0122
1341836550.3525 0.9371 0.0475 0.3459 -0.2033 -0.0751 0.9949 0.0670 -0.0024 -0.3410 -0.0888 0.9359 -0.0123
1341836550.3846 0.9308 0.0468 0.3625 -0.2070 -0.0752 0.9951 0.0646 -0.0017 -0.3576 -0.0874 0.9298 -0.0104
1341836550.4204 0.9319 0.0440 0.3601 -0.2071 -0.0720 0.9953 0.0648 -0.0017 -0.3555 -0.0863 0.9307 -0.0105
