1.0 0.0 0.0 0.0 0.0 1.0 0.0 0.0 0.0 0.0 1.0 0.0
0.9998558745955585 0.001716748153592325 0.016890317123384617 -0.00013136725547699963 -0.0016994807106406617 0.9999980185816411 -0.0010366282392574103 4.619163842416615e-05 -0.016892063286215883 0.001007774066645378 0.999856811043144 0.004991756375160447
0.9992503988288794 0.004584039737168675 0.038439914412158965 0.00027948400960074813 -0.00456559819040011 0.999989416561259 -0.0005675197239353441 5.738820445546952e-05 -0.03844210911864572 0.000391593106806357 0.9992607522070248 0.009304400756249432
0.9978161838262477 0.006147436425520513 0.06576528202493058 0.001139037938642795 -0.006208409302107763 0.9999804664186036 0.0007227967694521317 -4.8781599835896115e-06 -0.06575955404625232 -0.001129516102856001 0.9978348587040903 0.014122138965333899
0.9949836297179948 0.005497949519790136 0.09988668151601882 0.003015269260763207 -0.005828195784219795 0.9999784716314134 0.0030146985925780558 -1.1174123795015626e-05 -0.09986795645804286 -0.003581734884260423 0.9949942524698893 0.021290394077484048
0.9905102155363056 0.002513067151810319 0.1374161468376722 0.00562897739650495 -0.0032491351345782936 0.9999815503966477 0.005132444563246638 -9.591376169644072e-05 -0.13740071338642848 -0.005530222401318081 0.9905001063104906 0.029441486106459403
0.9844005263303615 -0.0005341060837942608 0.17594123590335248 0.010871401677597134 -0.0004649828538792088 0.9999840024040941 0.005637262352862479 -0.0003628584612315409 -0.17594143216267596 -0.005631133685205369 0.9843845299383601 0.04141159218126947
0.9755764351301184 -0.00045608332508848145 0.21965976237538576 0.014401078701009288 -0.0010567857343821295 0.9999765263777699 0.006769778235779828 -0.0002607893921179926 -0.21965769374807242 -0.0068365694211794765 0.9755530528350713 0.05045159506213878
0.9635333777163719 -0.000387436079126218 0.2675878919528389 0.018080027002764665 -0.0023103227207661565 0.9999496342997974 0.009766845582280699 -0.00021536253545004143 -0.26757819872965277 -0.010028896100109617 0.9634839535807577 0.058771978905001965
0.9491110233303208 -0.004089058630806793 0.3149151393508815 0.022960543880516285 -0.0013837057132938388 0.9998519187885881 0.01715301295046229 -0.0003780457370072708 -0.31493864601120375 -0.016715863552133312 0.9489648197664317 0.06786871785672091
0.932057878898347 -0.01365066286751629 0.3620521644553331 0.02804373121560482 0.004879222531157091 0.9996722774640799 0.025130277699864974 -0.0004753920099424488 -0.3622765567505103 -0.02165634025079725 0.9318190271484779 0.07598331501790358
0.910648246513152 -0.0187713116415296 0.41275587092345334 0.0347819490156897 0.007289263296186241 0.9995418792582373 0.029375129778636197 -0.0003445632889818429 -0.4131181886132837 -0.023741724203802973 0.9103678886959432 0.08610738499433641
0.8854092454990291 -0.01991214535463613 0.4643855881185549 0.04286844583443976 0.005046257274354038 0.9994348944180992 0.03323292203531423 -0.00014211862490677335 -0.46478490000468103 -0.027081327272866513 0.8850093776004738 0.09680983322474379
0.8568832543818415 -0.022094957205507446 0.5150367959923559 0.051095828300286944 0.003114515010470312 0.999284725512235 0.03768736066889746 0.00023777267015611802 -0.5155011039330899 -0.03068957842696477 0.8563391627268605 0.10716054762478304
0.824540570892989 -0.02690100982095411 0.5651629699671386 0.060854865996965324 0.003994315138634137 0.999120966702841 0.04172935826674893 0.0004569812849814858 -0.5657887347747718 -0.03215010988152858 0.8239232233870872 0.11732632737946852
0.7886099439474822 -0.03232307228913429 0.6140436265485869 0.07225563972429418 0.005994860405246283 0.9989741029919098 0.04488655923805943 0.0007225133850138955 -0.6148645525283356 -0.03171688114083136 0.7879946836716776 0.12788521479954973
0.7506920957612014 -0.03683943467100807 0.6596243123284463 0.08528979324928809 0.0071175834221726166 0.9988371151540206 0.04768393227308151 0.0011040454501533056 -0.66061389431943 -0.031101019981922773 0.7500813350485399 0.13880703381382833
0.7106408618066146 -0.03978754955903369 0.7024290116665454 0.09968582707740956 0.007947146270148314 0.9987899045809975 0.04853420827874463 0.0017996095727201194 -0.7035100627545512 -0.02890808549819863 0.7100971160312619 0.15040657126663456
0.6689972951000044 -0.041693585507291714 0.7420945115525542 0.11728913592376405 0.00738283074785636 0.9987489294481539 0.04945775708942943 0.002834002748141608 -0.7432281701866702 -0.027608347536835418 0.6684681489699106 0.16258240949805594
0.6265987012864158 -0.0412591083544795 0.7782491590255467 0.13536448812185226 0.0019690633776316556 0.9986782706590536 0.051359853026065126 0.003867514468927043 -0.7793395860185671 -0.03064959528668346 0.6258517491971802 0.17476715046945893
0.585212169576102 -0.0421499842114653 0.8097839807078212 0.15492665483751966 -0.0006711377507711827 0.998622579017354 0.052464218767172326 0.004645524312242451 -0.8108799332540857 -0.031246175889274738 0.5843777976088285 0.18615484527181841
0.5453533759751545 -0.04334728796590726 0.837084648012674 0.17747320644645526 -0.002520242717877299 0.9985726068175995 0.05335163812057297 0.0056287464239843776 -0.8382024479140727 -0.0312051524512593 0.5444656965974519 0.19823463772149888
0.5068582633057549 -0.045326606596393884 0.860836918151824 0.20039880711995017 -0.003981199857477231 0.9984829114700972 0.054918353488555394 0.006672556522546025 -0.8620202149406755 -0.03126298508867784 0.505908860168485 0.20986940893479686
0.46920441077207425 -0.04451991984137284 0.881966664704142 0.22681362327329252 -0.006737348505783715 0.9985188822005258 0.053987498776338724 0.008858971902255767 -0.8830638872964639 -0.03127328934300565 0.4682095175522662 0.22345395547685062
0.43312405521237934 -0.04388218347503219 0.9002654646102156 0.25133997083369075 -0.007743559207110994 0.9985961188906772 0.052400654836405144 0.00966377406618632 -0.9013010540808153 -0.029667243045853477 0.4321761962473964 0.23362206035289437
0.3996991161865718 -0.04253565269369687 0.915658962042962 0.2778051433205262 -0.006441477342026033 0.9987677730305421 0.04920815913306464 0.010732091615305712 -0.916623763541686 -0.02556665417167596 0.3989326037128828 0.2443068836884558
0.3701651360935179 -0.040766423972674944 0.9280710483025246 0.3069033699686544 -0.004302309846948357 0.998950702571749 0.04559587658321035 0.011870072615233396 -0.9289560065745022 -0.020870853070505967 0.3696013329809037 0.2546496494013235
0.34492875808574436 -0.03902631377579741 0.9378171989671005 0.33662360819451687 -0.003204343016062151 0.9990804791404794 0.042754279157368326 0.012789554800755066 -0.9386233984038858 -0.01775226840445515 0.3444865352016453 0.2644920033107428
0.3250713378453675 -0.038338998626589085 0.944912031088467 0.3695124384853277 -0.001957235382436489 0.9991484692837841 0.04121292949462905 0.014013774339451248 -0.945687471917165 -0.01524655738788179 0.3247194911715911 0.27418072906044216
0.3105453122554386 -0.03885366992534487 0.9497641819786126 0.40432488606254835 -0.001166525628430992 0.9991479559617321 0.041255318632280026 0.015318414031012662 -0.9505578616024004 -0.013919570066102515 0.3102353901717923 0.28489235104049326
0.299122931256313 -0.04055097269386405 0.9533525531566015 0.43717025697260725 -0.00038507714776164103 0.9990913958779357 0.04261730163053779 0.01618739884049534 -0.9542145061317289 -0.013114926467941462 0.29883553167506505 0.29503545174087775
0.2885722037222371 -0.04230075320221948 0.9565232509026714 0.47515923476467187 -0.0018472703904773584 0.9989971184165758 0.04473639443990076 0.017568926064593867 -0.9574563545305831 -0.01467663700930455 0.28820465904475007 0.3057271361027192
0.2783771633243768 -0.04406529877331411 0.9594604756755174 0.5099943634879123 -0.003396507311985522 0.9988956030698083 0.046861902499615804 0.01880606485403732 -0.960465834206272 -0.016304098007019062 0.2779200563302771 0.31501684560539867
0.2681488662982424 -0.045753120389975296 0.962290412234033 0.5466236615100497 -0.003994771952670382 0.9988102036427484 0.048602663467934126 0.020320285627504247 -0.9633692061198605 -0.01687687985711695 0.267647050471839 0.3256344522236147
0.2587443631136952 -0.04759646508020887 0.9647724763221401 0.5853422075334929 -0.00538097965517049 0.9986987548005892 0.05071333372696849 0.021632497770427896 -0.9659308461866387 -0.018313210303513943 0.25815155764306463 0.3345828591413435
0.24766140251167543 -0.04902536835521222 0.9676054686511355 0.6228272690822985 -0.005500214499334331 0.9986316693728107 0.05200515903382611 0.02332500586403201 -0.9688310365313488 -0.01820170825246965 0.24705286978758403 0.34549971493016257
0.23737820360536083 -0.050344421608843996 0.9701118634806819 0.660976057596681 -0.005749402383556776 0.9985658399213531 0.05322788474468624 0.024960415475793227 -0.9714002948451891 -0.01821270312261871 0.236748314924613 0.3551437322622021
0.22727997670613448 -0.05343909474209526 0.97236211122277 0.6984858229140638 -0.007463892843114514 0.9983683006429477 0.0566129541265836 0.026301872089567458 -0.9738008536102656 -0.020124597498026035 0.22651026043748473 0.3634985497863666
0.21597286285458092 -0.05711032580304 0.9747277225959388 0.7334370061256525 -0.009127339470085776 0.9981262452891175 0.06050363740508173 0.02790806429941943 -0.9763567043783694 -0.021963814598526275 0.2150469173545334 0.3712343118467962
0.2032362619132363 -0.061047690843018934 0.9772247445118589 0.7674177444806295 -0.010231204468275419 0.9978675150049017 0.06446506769615254 0.029424793294516614 -0.9790762709302373 -0.023099825555107416 0.2021782722269161 0.3787953058563804
0.18970235448436176 -0.06340642074336428 0.9797921425035024 0.802899560287667 -0.011605408568648182 0.9976980749190962 0.06681216801364133 0.030868850248027196 -0.9817730548324501 -0.024045313706495455 0.18852981645806602 0.38609784940223907
0.17557209812956928 -0.06365397066927818 0.9824065402756712 0.8358077595166372 -0.012028312291335176 0.9976942705135118 0.06679417854822853 0.03251364862184135 -0.9843930912302261 -0.023543886734038115 0.1744016265281144 0.39202993614566606
0.16182751810151047 -0.06256135776689953 0.984833961081494 0.8669012041468453 -0.013472933299452683 0.9977552998148751 0.0655960498782898 0.03399875974064505 -0.9867270820512691 -0.0238838482177517 0.16062137884135372 0.3965773494930629
0.14546360023162555 -0.061575793522143915 0.98744557453045 0.9029018754052014 -0.014134582435245483 0.9978301494982077 0.06430556999019123 0.0355601990357897 -0.9892626317551034 -0.02331125059923755 0.14427761783611667 0.40168767953639123
0.12510132983845826 -0.059874978582541816 0.9903356220051807 0.93749001186192 -0.017145605041355615 0.9978978012253561 0.062498052268555294 0.03712637360469515 -0.9919958092151465 -0.024798492884394358 0.12381174924153031 0.40595935338125244
0.09958962046542132 -0.05819675088476235 0.99332524667503 0.9737028940207431 -0.021976158736266026 0.9979159879084248 0.060669016177514 0.03883864564756672 -0.9947858844710004 -0.027871477592799045 0.09810313345679818 0.4099608215713187
0.06956960929397799 -0.05805820696054779 0.9958861953392104 1.0123870222640596 -0.025742159276157906 0.9978680766914712 0.059972016439849826 0.04016264814021641 -0.9972449100890327 -0.029808490813640048 0.06792674861149293 0.4123041597364892
0.03655460016907805 -0.05794674871436958 0.9976502069963756 1.052707881586974 -0.02899009380265321 0.9978357801757077 0.059019744683000294 0.04172872979183264 -0.9989110749550186 -0.031079416252028244 0.034795606297935225 0.4134534536577597
0.002484875317974712 -0.05742776302822409 0.9983465718017099 1.0895842623934806 -0.0304027412817982 0.9978838053606479 0.05747681551288032 0.04302866251954818 -0.9995346410791397 -0.030495295252281115 0.0007336554164082604 0.41328785885589814
-0.031129239630739016 -0.05639253331044076 0.9979232699094862 1.12719378107559 -0.031458650398164006 0.9979677711513146 0.05541372626345123 0.04418121443168423 -0.9990201818557701 -0.029668332108588207 -0.03284001088240341 0.41166881078976486
-0.0633292324062906 -0.05450966344834636 0.996502937734544 1.164190940390975 -0.033402992742155656 0.9980635781069868 0.0524722224814548 0.045376765473058446 -0.997433530817315 -0.029963154824280802 -0.06502738618673347 0.40900532770799497
-0.09553633590255907 -0.05166553778715737 0.994084242268972 1.2031122152109583 -0.0358125508333313 0.9981840172496619 0.04843685487449861 0.046365220227526455 -0.9947815185884393 -0.030973212821517108 -0.09721311826286326 0.4050270207144523
-0.1277196664179408 -0.04675546511882885 0.990707632599856 1.2434801072108395 -0.032741619476244425 0.9985425435627451 0.042904254443039205 0.04756106864101467 -0.9912697277553475 -0.02695765525341956 -0.12906437021531125 0.3992880918401192
-0.15915293295215643 -0.04058030082607791 0.986419577622824 1.283998877957711 -0.027578629879347415 0.9989476895385362 0.036646046711687315 0.048394919668317014 -0.9868686655815466 -0.021371774621735 -0.16010460375271302 0.39208019408738126
-0.18982013950714893 -0.03443146860795113 0.9812149553522842 1.3262113747525512 -0.022119614906996213 0.9992812050685245 0.030786292942810187 0.04891232561051705 -0.9815696802947059 -0.015860238532065127 -0.1904453085792692 0.3834064101803065
-0.21827898683634334 -0.028845979904035667 0.9754599906449645 1.3701053083624046 -0.016340416171657688 0.999530946769508 0.02590129821812139 0.04917855528568517 -0.975749596313027 -0.010285713073141838 -0.21864795768893033 0.3725459858230645
-0.2459464982217168 -0.022783640845193142 0.9690155962224298 1.4116953327269928 -0.007757059340687184 0.9997379549401555 0.021537165144381896 0.049312735199462936 -0.9692523655080029 -0.0022197211330643647 -0.24605878321090477 0.36084906216789714
-0.27239155543763843 -0.012437643608421018 0.9621060989037189 1.4560807895828505 -0.0018899640970889118 0.9999214373454994 0.01239141527902213 0.04879493250515819 -0.9621846333017249 0.0015569708974091676 -0.2723936623338521 0.3475753390439071
-0.2977004936586242 0.0030783805339395544 0.9546543561146612 1.503103936883099 0.0026199430528442767 0.9999936697185912 -0.0024075757807146625 0.047813149521395676 -0.9546557243183589 0.0017844035497318008 -0.29770667431241793 0.3321836906159473
-0.32249956803722446 0.02082895467988236 0.9463404161625697 1.5422241414484814 0.0033790237807070933 0.9997768305837123 -0.020853566272254622 0.04686659871811735 -0.9465635799110867 -0.0035275593439792296 -0.3224979775300634 0.3186182193739242
-0.3477448923907081 0.0359801955122874 0.9368985619303035 1.5888081792981268 0.0038711759882630857 0.9993099810655751 -0.03694016430909012 0.044880797702834326 -0.9375811985170364 -0.009218854246175724 -0.34764422749952933 0.30109667439186955
-0.37250664059032973 0.04659748382783491 0.9268589305913927 1.6327173525482561 0.007721987652430497 0.9988596797143614 -0.04711381058260588 0.042250882106864715 -0.9279973995776077 -0.010393014087962855 -0.3724416889062827 0.28337234701785996
-0.39558125465272403 0.05086224724065963 0.917021538881724 1.6755695869005909 0.010707391484341907 0.9986529220225959 -0.05077098682639743 0.039349684109441355 -0.9183685658465109 -0.010265142052361745 -0.3955929778492871 0.26351331523242044
-0.4177795688366553 0.05048420490144236 0.9071447386818301 1.7162300158993997 0.014385356936231195 0.9986974259699334 -0.04895419151453068 0.03643236625318152 -0.9084345289389186 -0.0074024601649241815 -0.4179616133271457 0.24476092184862097
-0.43794063486936724 0.04629005877588926 0.8978113559031979 1.7576698430830535 0.018187641082363898 0.9989252974251706 -0.04263167690682905 0.033562557790723674 -0.8988198985570325 -0.0023410729492833707 -0.43831188591614856 0.22432144938573975
-0.4554984792145034 0.045199883375631966 0.8890883566755907 1.7963485336645841 0.026543038697122327 0.9989557584814189 -0.037186821503466166 0.03076763655552591 -0.889840773694933 0.006660566014752346 -0.45622257104440256 0.20336999013250873
-0.4693970165664176 0.04551459297768134 0.8818133944688189 1.8344124138381135 0.028574839640442096 0.9989305450736713 -0.03634892925982609 0.028154351037266045 -0.8825247415104399 0.008135597389795548 -0.4701955898102843 0.1827460113064809
-0.48032202675688734 0.04966819994579337 0.8756847723503584 1.8745337645466797 0.03293448934313717 0.9987125709363449 -0.03858134348901046 0.02524986945356595 -0.8764736562064273 0.010308761703276428 -0.4813394430215349 0.15988602691594783
-0.48957711650278446 0.052313969945646854 0.870389278165433 1.9191639546936936 0.033601214032512774 0.9985890865803533 -0.041119272587802645 0.022467363113852133 -0.8713123466429022 0.009115081521013856 -0.4906441784801934 0.1340249108026046
-0.5003457750378532 0.05147681460509933 0.8642940720379152 1.9555363560638013 0.027235687186348636 0.9986727972212575 -0.04371340107735376 0.01982303915910455 -0.8653972051868772 0.001667827441452298 -0.5010837211548257 0.11367030305805467
-0.511187569896065 0.05010392065134884 0.8580074973560067 1.9935357883391558 0.02694926359632934 0.9987428582334638 -0.04226630240817974 0.017084197039546445 -0.8590465677571688 0.0015166617973462635 -0.5118951984162581 0.0908851000449283
-0.5198188279527932 0.051503783719092845 0.8527225494663547 2.034768016531294 0.028785393696788824 0.9986701217890289 -0.04277135671918399 0.014518201741329478 -0.8537914190336567 0.0023125977808035026 -0.5206100889110759 0.06549843179275498
-0.5269627430060989 0.05460801389575634 0.8481322021370533 2.073227068381486 0.03191767449583562 0.9985012257138992 -0.04445856838238478 0.011840076117730206 -0.8492888375212911 0.003642398412342981 -0.5279159056095383 0.04107762400390266
-0.5301538108922238 0.05766438726507439 0.8459383873768792 2.1157151401683936 0.03292631715949123 0.9983323327428824 -0.04741741281910804 0.0090413886854709 -0.8472619396826268 0.0027151135314621277 -0.5311683666444614 0.013976634738266016
-0.5299143995958702 0.059813281527735705 0.8459391824793503 2.1539000903616423 0.03233528761358371 0.9982093470565319 -0.05032423495602347 0.0066910145235824555 -0.8474344566253472 0.0006861500172293565 -0.5308995864777606 -0.009878244181885168
-0.5266825977151064 0.06006491946146796 0.8479372893759027 2.1909288607504487 0.03440705005607401 0.9981893750116406 -0.04933686775930225 0.0041138676111974 -0.849365407919647 0.0031901510853747698 -0.5277956297332754 -0.03298511715041301
-0.5209899081381882 0.0586370789101711 0.8515463631506176 2.229902202094376 0.032147910804358006 0.9982777266742514 -0.049072316605121444 0.0012733774456494449 -0.8529572248648108 0.0018092548081135352 -0.5219776806990511 -0.0563836777822385
-0.5141182587610794 0.05748570897067495 0.8557907508688171 2.2732300166098884 0.029888707352482953 0.9983462740233707 -0.04910582772380133 -0.0014696875309036825 -0.8571983907948478 0.0003322766633000623 -0.5149862215738823 -0.08197979607215819
-0.5065522804457009 0.05718397377650156 0.8603108626062951 2.3221798115440406 0.02764843735557941 0.9983624039849825 -0.050080677123113156 -0.004231310281132139 -0.8617658330933399 -0.0015822302118802321 -0.5073037999665487 -0.11107582416975942
-0.500574616720782 0.05577752978425602 0.8638946233575064 2.3688240988497014 0.024998202575643984 0.9984373556022375 -0.04997936380133888 -0.007566856303614524 -0.8653323887170946 -0.003422588080099959 -0.501186734589018 -0.1367973264281612
-0.4968699605864735 0.05345464285448223 0.8661771432126892 2.417582392202428 0.020592665536817344 0.9985463517158588 -0.04981089841616067 -0.010934708627405334 -0.8675806500798005 -0.006912642926995902 -0.497248460002519 -0.1629118863945912
-0.4954530144400257 0.05061604727117511 0.867158766455678 2.468726348406716 0.016172688017427404 0.9986652927084576 -0.04905178184132867 -0.014506853290606822 -0.8684841706355889 -0.01027856498547199 -0.495610327230229 -0.19150560976268355
-0.495511629183974 0.04814865873576863 0.8672657793349107 2.523767174214022 0.012376710380669495 0.9987524593277313 -0.04837708162910652 -0.01780868456342704 -0.868513121595524 -0.013237509159306857 -0.4954893802773761 -0.22240073930046197
-0.496425017719683 0.04729451006250148 0.8667903039951245 2.57500992871961 0.0109737455171769 0.9987768793910424 -0.04821122383017754 -0.021031309133919072 -0.8680102411212332 -0.014421321431380781 -0.49633682796749423 -0.2511074336894827
-0.49696747335036057 0.04642806761387925 0.8665262632888859 2.626623747086595 0.010771648846647611 0.9988208178728305 -0.047338624451521795 -0.02475308800963754 -0.867702311863284 -0.014191839961004891 -0.49688156502896735 -0.28009161985434455
-0.497690855343305 0.04597184672485864 0.8661353253483866 2.6780403941671906 0.010761481874720879 0.9988448099191729 -0.046831999801205226 -0.028279939595805006 -0.8672877279285767 -0.013986958433703536 -0.4976106529991721 -0.30870573723663797
-0.49766921194380487 0.04529064094083209 0.8661836487295292 2.7304702187158507 0.011068191426380162 0.9988860961097569 -0.04587005708681088 -0.03181016439528207 -0.8672962876790056 -0.013241028727667947 -0.49761614175632407 -0.33851242780665786
-0.49786477263753864 0.04492502652674385 0.8660903013878766 2.7775256500789456 0.010567778465794883 0.9988975216092526 -0.04573907936523055 -0.035018903928034036 -0.8671902848999595 -0.013619225912376626 -0.49779064521209715 -0.3651586777774845
-0.49801400478294033 0.04304986666500065 0.8660997402263682 2.833219513255137 0.008208446589631406 0.9989562500931328 -0.044933637783284304 -0.03891627414371756 -0.8671301358185203 -0.01526824744297417 -0.4978475752430413 -0.3966083544401446
-0.4980612702979388 0.042447431388033134 0.8661022956890029 2.8833230178825007 0.00787242425153642 0.9989813622816974 -0.04443267660399941 -0.04237922011353577 -0.8671061042142478 -0.015311870635228793 -0.4978880904902634 -0.4250022311428789
-0.4975770172393391 0.04149352751073277 0.8664267996143226 2.9380163180606664 0.006857646126211689 0.9990121808473992 -0.04390484264997081 -0.04663530018775991 -0.8673926934236954 -0.015904392262110708 -0.4973700490600142 -0.45571230561160825
-0.49613442334371277 0.03980201699023245 0.8673329426563423 2.9900337056312125 0.006430104270253706 0.999089750326777 -0.04217018557036713 -0.05039975764263037 -0.8682219115712745 -0.015345039441942187 -0.4959387482664045 -0.4852682774398624
-0.4938973220138206 0.037439770255818315 0.8687138187635599 3.04133748180658 0.007045483999843644 0.9992120929553319 -0.03905834670105948 -0.05433139166268841 -0.8694916885530228 -0.013170303527396053 -0.4937719581367598 -0.5144165300474414
-0.4913511539805295 0.036097598161834756 0.870213196227768 3.0937849585492185 0.007335435559033452 0.999276834827899 -0.03730949961446896 -0.05768242282884199 -0.870930671676663 -0.011948672866452426 -0.4912606175438527 -0.543929323137882
-0.48892364802111843 0.03605199727243842 0.8715812755551766 3.1431385059834187 0.007876382606460406 0.9992873292800961 -0.03691606882207471 -0.06085673290249998 -0.8722910231125619 -0.011184231440184404 -0.48885916577715155 -0.5713217099217964
-0.48686670761954115 0.03655674635392634 0.8727109563353276 3.193734712111801 0.008108811661900032 0.9992699280758424 -0.03733440794653957 -0.06392064739919814 -0.8734386390497857 -0.011100231497653433 -0.4868076916766587 -0.5992145285038858
-0.4858346479543789 0.03711828604527929 0.8732622330595229 3.243916661280053 0.007906872038584279 0.9992436315188695 -0.03807422019599472 -0.06710372059029844 -0.8740149748268686 -0.011593002632125267 -0.4857606674776785 -0.627117481386935
-0.486548668307751 0.038665602826319465 0.8727974361362608 3.2928376636425467 0.007304037825649731 0.9991652748672682 -0.04019209537761683 -0.0703204098345967 -0.8736229417771703 -0.013180464994804977 -0.48642494893161425 -0.6542639832908266
-0.48914777901108475 0.04052531059483903 0.871258945141864 3.34054763684704 0.006293719398677046 0.9990579908327458 -0.04293623236095342 -0.07363905596041048 -0.8721782153806957 -0.015518703374150757 -0.48894205225254417 -0.6808251337780774
-0.4936323060797991 0.04104735533900781 0.8687014798042025 3.3845075320602147 0.005133262830957761 0.999005640206601 -0.04428747507019842 -0.07674595752872516 -0.8696555617065007 -0.017402455431873427 -0.49335216482538313 -0.7056829809288399
-0.4991399263185724 0.039602750855513 0.8656159402872413 3.4302663621771994 0.006616087144529297 0.9991001239316046 -0.041894746099411226 -0.08000111290664577 -0.8664961404100932 -0.015184349986558043 -0.49895277749492256 -0.7317715998147895
-0.5042773313139022 0.03690430405560489 0.8627528298795079 3.4766548518315745 0.007526961536355858 0.9992362918816771 -0.0383428981243214 -0.08342046837421284 -0.8635089565099837 -0.012841546975085053 -0.5041699878992457 -0.7592274987156449
-0.5095080396237905 0.034461703386249994 0.8597755221907859 3.520698065937449 0.004899893485109447 0.9992976744936856 -0.03715035390588719 -0.08646026153672313 -0.8604519443888532 -0.014715595510076177 -0.5093190578078002 -0.7848353589580955
-0.5141099549534544 0.03766335357172189 0.8568969751466553 3.5645199177742866 0.006790731535272803 0.9991828745317239 -0.0398430572085446 -0.08948670664547959 -0.8576974059556055 -0.014664755035081212 -0.513945624338593 -0.8113471377001803
-0.5190008862339117 0.03929037530100678 0.8538702164246738 3.6060442784936813 0.007344529203610096 0.9991111190718484 -0.04150939216325632 -0.09236278332038975 -0.8547421470707951 -0.015272136579133289 -0.5188281255532655 -0.8363146379198746
-0.5237822183603509 0.040128053079920296 0.8509065325201844 3.6463128167342904 0.006061996256638897 0.9990401489899327 -0.0433824032015746 -0.09538953651671529 -0.8518306404038868 -0.017564739171833675 -0.523522721576561 -0.8606590045286177
-0.5272332903599961 0.039876933648712955 0.8487843587737388 3.6846096174345333 0.004583345261078783 0.9990171353557005 -0.04408805067015467 -0.09837405093536211 -0.849708214908148 -0.019354416251917014 -0.5268978611544706 -0.8843775125838313
-0.5304611384310441 0.039506114619760634 0.846788195195286 3.7246033428704184 0.005913037289258265 0.9990616096306739 -0.04290613187143811 -0.10116067792037038 -0.8476886318716669 -0.01775294538389862 -0.5301969599363409 -0.9096907891010207
-0.5325338660875694 0.03262454667763235 0.8457797115229856 3.768086277652556 0.006649113505774661 0.9993872929187764 -0.03436317857901789 -0.10389818691448206 -0.8463825794281307 -0.012675871036939713 -0.532424503130762 -0.9371184871326504
-0.5349285571449541 0.023535718964396445 0.8445694220628908 3.813516252323684 0.005528057794654126 0.9996880375010863 -0.024357098641505134 -0.10661878095282794 -0.8448792099039 -0.00836047905577159 -0.5348917863102025 -0.9653758439053791
-0.5369401755917392 0.022230083174781392 0.8433273808181214 3.8569530566427472 0.006485032113390983 0.9997319846725236 -0.0222239326225757 -0.1088627533065474 -0.8435953960246587 -0.006463917137991789 -0.5369404301980164 -0.9923353217375154
-0.5379088660039101 0.026846107032318545 0.842575420013897 3.8982510139265556 0.006352461948949798 0.9995935002294541 -0.027793533891943962 -0.1110533189387666 -0.8429790614846697 -0.009597960003292542 -0.5378607450467071 -1.0185653159780736
-0.5391105021776653 0.0333325115076801 0.8415751957599118 3.9387395646972143 0.008423691415017804 0.9993799687454056 -0.03418653965179 -0.11358199627727712 -0.842192916061807 -0.011341152807772847 -0.5390570196076655 -1.0443979164290924
-0.5395643991181126 0.037166672611375004 0.8411235923758806 3.98025686183971 0.01400038733068541 0.9992831225781837 -0.03517428158430553 -0.11609158320987335 -0.8418279208715405 -0.007202734021201904 -0.5396979453951232 -1.0711495784302665
-0.5392629264062437 0.038504821718815634 0.8412567235441115 4.023695772861512 0.017474620979064586 0.9992507150649066 -0.03453470810499576 -0.11894980242693234 -0.8419561353333151 -0.00392264536525698 -0.5395317219848381 -1.0996216450662548
-0.5391077675766405 0.035066404792361276 0.8415064837501054 4.066589322260797 0.016334021642644546 0.9993802855775765 -0.031180836035060607 -0.12161889135770794 -0.8420783898637395 -0.003064645788029625 -0.5393464501326432 -1.126654185325776
-0.5383997673059363 0.03011596812170062 0.8421512447470487 4.109238070991039 0.01450339806010713 0.9995443324986513 -0.026472227230090056 -0.12368281861595523 -0.8425647405449762 -0.002038586251364012 -0.5385912199028782 -1.1539848978501306
-0.5382195800909811 0.023192105540734392 0.8424854953334641 4.1552422896287435 0.01139316936418831 0.9997301866435985 -0.02024227273259534 -0.12625840050408074 -0.8427276424198539 -0.0012962075950130102 -0.5383385928459361 -1.1818156417798544
-0.5381404094785692 0.01725165811383684 0.8426786338685456 4.200501271664947 0.0028592081944374694 0.999822118659373 -0.018642852999727406 -0.12869969384043722 -0.8428503571896596 -0.007623078891882225 -0.538094010423335 -1.2091677100585785
-0.5367650209000222 0.011867449313000976 0.8436483129746655 4.2528665601090845 -0.004269240954296066 0.9998500748310556 -0.016780984535840433 -0.13124629536631743 -0.8437209763422212 -0.012609183443872077 -0.536633881312953 -1.2410591250281462
-0.5349861476627485 0.012750320391077069 0.844764612859046 4.30019363575426 -0.0008715863623617062 0.9998772537049578 -0.015643460634692744 -0.13315466759292724 -0.8448603802677593 -0.009105320057036608 -0.5349093670898584 -1.2705296163888007
-0.5312195270391328 0.01611411270576647 0.847080958034132 4.355940128176858 0.0033166476406870475 0.9998510011783444 -0.01694034506952053 -0.13585188314675745 -0.8472277225992699 -0.006189573034770264 -0.5311938207894538 -1.30674105180922
-0.5261356095312261 0.019257331003059933 0.850182613081355 4.407811856986129 0.005270426032004214 0.9997982087575271 -0.019384642753090434 -0.13792914269954723 -0.8503843501574129 -0.005718126254496332 -0.5261309343114978 -1.338351924645862
-0.5192250197066952 0.02152876169414809 0.8543663683283045 4.453147910422463 0.010565420746920684 0.9997679700822186 -0.018771730929896164 -0.13989077046137957 -0.8545722618918904 -0.0007200122085922868 -0.5193320043935242 -1.3647735875545217
-0.5108129683966974 0.0248432967598673 0.8593328353576704 4.5015878402328235 0.01834681233232353 0.9996697408993245 -0.017994543825959004 -0.14238305603626142 -0.8594960766606186 0.0065741719146325955 -0.5111000630685134 -1.3942914838476128
-0.5006395937338681 0.02389047559822993 0.8653260901889386 4.561077076160319 0.015631901716507995 0.9997056051462068 -0.01855658071861823 -0.14476699636872678 -0.865514668179986 0.004236533362510085 -0.5008656615803825 -1.4286134407047428
-0.4894891077766316 0.021656369870683232 0.871740451632284 4.622601128389961 0.013531510175827625 0.9997598344849729 -0.017238665346415265 -0.14704517824984426 -0.871904416550574 0.003357825872271483 -0.48966459276224134 -1.4624076523330782
-0.4774451393816233 0.018238970102612453 0.8784722413659158 4.683071768741384 0.01376502035446374 0.99981710426022 -0.013277132346058138 -0.14961386416356404 -0.8785537337553702 0.0057530859796862425 -0.477608876494361 -1.4954589765684663
-0.46640358655686903 0.01724818096690289 0.8844038640237953 4.745068250660595 0.011949593955503723 0.9998415011479259 -0.013197718990245067 -0.15153098884695662 -0.8844913236720792 0.004412803596347469 -0.46653577088282433 -1.5277661728020115
-0.4544619787403323 0.01666487821762835 0.8906102355763778 4.806701580001892 0.012725906001974907 0.9998444098809256 -0.012215045897467743 -0.15357027429944042 -0.8906752276760871 0.00578254821337917 -0.45460334462067936 -1.5587946218806261
-0.44272722574143036 0.017504160169208294 0.8964854756012863 4.86155800241388 0.013863255776591721 0.9998235549397751 -0.012675532606119894 -0.15576290695732314 -0.8965491697205272 0.006816404062763455 -0.44289177335900354 -1.585351428315481
-0.43037472302915103 0.020948522319473358 0.9024072014286063 4.90835562318589 0.013474574157056409 0.9997683667129154 -0.01678239468793319 -0.15813313789165412 -0.9025497402519514 0.004936834289932623 -0.43055730633485406 -1.607492464259169
-0.4189897905460087 0.030023628485038978 0.9074944281651547 4.96324455340002 0.01586913131878007 0.999542650601175 -0.025742189113413173 -0.16031408320821752 -0.9078522600563357 0.0036154338267954805 -0.4192746147202859 -1.6323659138853581
-0.4062015071788789 0.03459069857148414 0.9131285885010613 5.019821323723704 0.014723424053008362 0.9994012986334171 -0.0313091851375953 -0.16248952218832138 -0.9136649037528802 0.0007265412319983291 -0.4064676073047824 -1.6573926657385796
-0.3945054037077653 0.031044548510018484 0.9183690556923065 5.07765042223267 0.013273985169511816 0.9995173849257214 -0.028085557657840463 -0.16542760324144273 -0.9187977403994261 0.0011105129632395041 -0.39472709432956926 -1.6815728167760213
-0.3823091395564067 0.027140512084778013 0.9236358126531328 5.143206217170149 0.011931126071341648 0.9996302196411462 -0.024435061097701848 -0.168987126103329 -0.9239574503419019 0.0016782681415052564 -0.3824915860169142 -1.7085687875082671
-0.37228683745423397 0.0280459338586357 0.9276938806806472 5.214693012733821 0.008581802990937623 0.9996046204597977 -0.026776023095920632 -0.1724549876943543 -0.9280780480734084 -0.0020070748380768056 -0.3723803275346911 -1.7369399483314307
-0.36523229832862997 0.03270004045748627 0.9303419132833166 5.273146025669146 0.004122330712525407 0.9994298794857184 -0.03351003402928678 -0.17562674676916207 -0.9309072857417547 -0.008403769703304453 -0.365158872283955 -1.7589667245406138
-0.36064305455612644 0.037876023898258025 0.9319345438463381 5.330917781298875 -0.001394667204626434 0.9991521047802427 -0.04114761738646083 -0.17884953186159963 -0.9327028691409791 -0.016139340967114547 -0.3602844425857588 -1.779747728970681
-0.35705463392510056 0.03998287741834091 0.9332273881032206 5.387373985540309 -0.0043265565281165016 0.9990019633324532 -0.04445625002736794 -0.18228223941901692 -0.9340734817460672 -0.019910971127413326 -0.35652529212882045 -1.80053913664406
-0.3535323910163032 0.03951353045493728 0.934587357828726 5.442056445205273 -0.006325372036102688 0.9989836095513931 -0.04462888656752516 -0.18579110779388203 -0.9354008970334059 -0.021689369715111102 -0.3529231262902155 -1.82044803700165
-0.34822823628694516 0.03940938534975438 0.9365810140072426 5.50024287760088 -0.007052334893567302 0.9989774850990543 -0.04465701330922311 -0.1896778628957997 -0.9373832514105597 -0.022155915948243163 -0.34759423954297725 -1.8417173906489421
-0.3426009936546407 0.03534001820966924 0.9388160854287647 5.556141054297719 -0.009766574292749419 0.999104274790477 -0.04117356095799727 -0.19305622806158343 -0.9394302385879625 -0.023275119942071706 -0.34194896639446654 -1.8611864241623386
-0.3371091054231705 0.031764838553029445 0.9409295648838367 5.610345941943857 -0.009372343957335837 0.9992678983780867 -0.03709213447309146 -0.19645319080072918 -0.9414189344864135 -0.021322811792171274 -0.33656459630766195 -1.8800604186573153
-0.3311435397750284 0.028955725210613174 0.9431360040009015 5.665595608179565 -0.011373923743760145 0.9993339320305903 -0.03467457499281946 -0.19976838839711575 -0.9435118387831358 -0.022209418492811467 -0.3305936354594183 -1.8990175298410907
-0.3253974162941231 0.02722609831538704 0.94518530513314 5.718156433458788 -0.019652727261510676 0.9991747472268719 -0.03554707885724568 -0.20271671421148854 -0.9453730966027608 -0.030142396630314424 -0.324593814089372 -1.9156633600384436
-0.31904946193425693 0.02728470170549876 0.9473452305745249 5.7746635464637235 -0.02685833630868169 0.9989237240911056 -0.03781564780178195 -0.20591213492811 -0.947357414395533 -0.03750917888704411 -0.31797325499014534 -1.933693161663033
-0.31232985644996036 0.031496246449211195 0.9494514454302306 5.83165068996031 -0.02552562342311031 0.9988111223683483 -0.04153052349927498 -0.2093126448761865 -0.9496307194477268 -0.037206562497394395 -0.3111545731438283 -1.9519332307692037
-0.30564627576188175 0.03482697407701126 0.9515079799925629 5.882818182880339 -0.023968051919760938 0.9987327293929344 -0.04425457859355015 -0.21232028848336637 -0.9518434149586061 -0.03633203979905282 -0.3044242044975661 -1.9678928489668828
-0.29898556156351275 0.03314538463490894 0.9536818219164876 5.935549526440116 -0.02520753615923763 0.9987735067152135 -0.04261528369677991 -0.21515420251179795 -0.9539246375355493 -0.036781323537631826 -0.29778334429831305 -1.9838681863612906
-0.2923899487553836 0.028276363215469776 0.9558810413174472 5.987513976642171 -0.025947718559669288 0.9989601522876822 -0.0374877318985829 -0.21823088544898267 -0.9559470873266832 -0.03576396824540591 -0.2913522006214619 -1.999011294120147
-0.28539750628434 0.02541541775587702 0.9580721893192449 6.0391106170964965 -0.027260497626966845 0.9990286037751972 -0.034622450925531574 -0.22127862244803642 -0.958021465665466 -0.03599868579899403 -0.2844274352887471 -2.0138615178699855
-0.2790187592123124 0.028977319888651286 0.9598483458024447 6.097724319136933 -0.029573403274659443 0.9988112076304059 -0.03875029458758997 -0.22419149359580226 -0.9598301650950415 -0.039198041327866494 -0.27783010587350343 -2.029895354834267
-0.2726275202675086 0.031725778343670616 0.9615964383156139 6.157017288157259 -0.02908992918166281 0.998727429112013 -0.041198281025976155 -0.2276899347877759 -0.9616797862142021 -0.03920455748733147 -0.27135768177670366 -2.046139657705444
-0.2659309439560256 0.0320789289442691 0.9634581855817317 6.209385159482209 -0.03166873996971382 0.9986159806374324 -0.04199064329407813 -0.23073449303146523 -0.9634717556604275 -0.04167811815939031 -0.26454699112124364 -2.0596859739575653
-0.25891574732342987 0.03134963675773452 0.9653910275443338 6.265846073863397 -0.03147992467228464 0.9986683147710831 -0.04087311359430326 -0.23427085403061546 -0.9653867878371736 -0.04097312957809473 -0.2575840688435502 -2.0742680778523312
-0.25076787133204065 0.0314786807867823 0.9675353054868426 6.330068134537713 -0.027431952444287745 0.9988387122091035 -0.03960700667224019 -0.2380285025076163 -0.967658494869285 -0.036473547241310814 -0.24961313599036355 -2.0909627693839528
-0.24306822387262725 0.032683876261303944 0.9694584069344795 6.379526739577432 -0.024728243803330902 0.998898586090592 -0.039876417399258436 -0.24101637552792143 -0.9696939478525213 -0.033665693795499316 -0.2419922902892931 -2.103342230199348
-0.23626034093315676 0.03316272109119871 0.9711237229271935 6.435553503587501 -0.023489970220577503 0.9989304414319982 -0.03982705712816618 -0.24442367714912894 -0.971405822816182 -0.032221221427514116 -0.23522865533036874 -2.116766137115935
-0.22928104303107952 0.03203615572323783 0.9728329188679077 6.493195892800179 -0.02955097152916981 0.9987684043211147 -0.03985491953971728 -0.247819057331556 -0.9729115804574745 -0.03788613541008382 -0.2280519619635522 -2.1296489525827464
-0.22355287004855834 0.029918858016410668 0.9742325062468623 6.544228516744383 -0.034060950749304215 0.9986784890017985 -0.03848541592757671 -0.25098536304312347 -0.9740964869699019 -0.04178681059926113 -0.22223837772273877 -2.1405508303252776
-0.21872671867773014 0.03011637408182389 0.9753212940096372 6.596937133254689 -0.03142444165243733 0.9987877571902726 -0.037888264062076814 -0.25397122602720146 -0.9752800249176152 -0.03893610277067196 -0.21751517854560204 -2.1521765185685466
-0.21386168232816413 0.03029792634120968 0.9763939863042921 6.6457029627738615 -0.029620728913622135 0.9988581707312466 -0.037482891857935616 -0.2569491060362752 -0.9764147649694732 -0.03693765589246582 -0.21272004213702053 -2.1626448801182856
-0.20982872183075044 0.031562273281417585 0.9772285967982 6.688847272194317 -0.029062332922578628 0.9988358743334768 -0.038500349992652325 -0.2592521135426414 -0.9773061384745156 -0.03647902205060102 -0.20866718153619684 -2.1707491222860993
-0.2040017703799849 0.03047821797351498 0.9784959662211116 6.733106391495302 -0.022796115286782884 0.9990963411319802 -0.03587252799151327 -0.26169973960738707 -0.9787050703913114 -0.02962396607189525 -0.2031226374004306 -2.180147118708975
-0.1985510684775566 0.029268474849421793 0.9796534231994524 6.773723765714789 -0.015203075880033745 0.9993417616317368 -0.03293797113578777 -0.2638448273719113 -0.9799726219084927 -0.021433614691521292 -0.1979754037021976 -2.1887160179455494
