1.0 0.0 0.0 0.0 0.0 1.0 0.0 0.0 0.0 0.0 1.0 0.0
0.9999363697714104 -0.0025308972256505055 0.010993223713107222 0.0008347454686182712 0.002517675027794525 0.9999960907957132 0.0012164315625817698 -0.0002995515662780477 -0.010996259401616915 -0.001188676795945913 0.9999388327926099 0.008876011243822748
0.9998788477010012 -0.004729364224071047 0.014829802229100986 0.00404771772994185 0.004723277289114094 0.9999887460493051 0.0004454507703747637 7.98825802598735e-05 -0.014831742034174903 -0.00037535153491905654 0.9998899332123795 0.024318050663667587
0.9998588883422527 -0.007688669301826168 0.014936122902611383 0.005729696039497472 0.007689559088664224 0.9999704349011661 -2.143573389847919e-06 -0.0009332276085837516 -0.014935664833434665 0.00011699547052185596 0.9998884498923083 0.03793286035565902
0.9999006367373209 -0.009567376606570333 0.010352871928521228 0.007804525607205324 0.009584971303124369 0.9999526997845745 -0.0016512173264890725 -0.0011279675883695377 -0.010336584417426933 0.0017502852364879465 0.9999450442520191 0.053700335164715146
0.9999179754931895 -0.011978189000578624 0.004534895133063381 0.006977627384820763 0.011992969710739654 0.9999228121758879 -0.003246285228027546 -0.0009871092702442312 -0.004495660476364452 0.0033004058130549946 0.9999844480582438 0.0666310402464045
0.9998806788374653 -0.013637854557831926 -0.007255136841524165 0.006472113604370442 0.013604116590791008 0.9998965101559127 -0.004679421952710598 -0.0014664672614015891 0.007318203284549353 0.004580163871168988 0.9999627323053593 0.07898145746385432
0.999611091911915 -0.012616198021810944 -0.024869589344096554 0.00680307735174239 0.012491560318890507 0.9999086601008226 -0.005160656564609627 -0.001587807368050471 0.0249324256234549 0.0048479895681339865 0.9996773835341471 0.09623606727930331
0.9989905794581914 -0.0078014066371275455 -0.044237542972794995 0.004931965235823261 0.007571377282087731 0.9999569443718475 -0.005365039475245468 -0.0017380706931363163 0.04427749315216492 0.005024684766311924 0.9990066346842545 0.11331530165634368
0.9979739135259685 -0.004041209391622372 -0.06349595694464868 0.0027168040099655433 0.003644480589979539 0.9999731166971131 -0.006362675875071823 -0.0021773258582837595 0.06351996286910815 0.006118374760915626 0.9979618128001656 0.1307336627094225
0.9965531190177717 -0.003705683048362634 -0.08287429570800159 -1.1690117852299932e-06 0.0031672586590409846 0.9999730226189615 -0.006627405743166149 -0.0025016643818861284 0.08289661904166494 0.006342077533655146 0.9965379714812772 0.14818327640747195
0.9945788829426209 -0.004834988466803716 -0.10387236634993849 -0.00224212050760441 0.004187227500802389 0.9999704107207268 -0.00645327892451418 -0.002455206876476989 0.10390049437065481 0.0059833577151063065 0.9945696992669679 0.16867995022376875
0.9922447442170163 -0.0062492703921643205 -0.12414231427388019 -0.004260017754316892 0.0055554550076587425 0.9999669601876693 -0.005934260921986655 -0.0025217006343868703 0.12417529743619335 0.005198572169158232 0.992246678177375 0.18967671623375246
0.9898330929409633 -0.005040039896357257 -0.1421444551038505 -0.008197805372061825 0.004319069687263227 0.999976199401737 -0.00538017351899432 -0.00282455688634806 0.1421681882699642 0.0047115419876133284 0.989831302604709 0.2118632851445992
0.9874762367691847 -0.003477059253450977 -0.1577294895544846 -0.012300914196217039 0.002765036441202901 0.9999849745621411 -0.004733415620210444 -0.0032130176022961113 0.15774357796642322 0.004238007657238957 0.987471013701895 0.23548130973048587
0.9852620405383633 -0.0029092787779556465 -0.1710270375442843 -0.017297819632920278 0.0021081504797366125 0.9999859404904593 -0.004865647230086198 -0.0036478195927080784 0.17103878851224552 0.004433386787207468 0.9852543214347546 0.2575492492961326
0.9831158527027712 -0.004053943070230219 -0.18293929515029617 -0.022166207781227243 0.0030874805277626353 0.9999797351403548 -0.005567474527838199 -0.0041336378870947795 0.18295815813593694 0.004908650956297306 0.98310844646829 0.2807659717480411
0.9812738302872145 -0.007403019464181443 -0.192475622602637 -0.02768756284122858 0.00605748825079427 0.999952937847451 -0.007578187536955608 -0.004682669345153882 0.19252266575536317 0.006270358288543343 0.9812724931319443 0.30319336102568767
0.9796911516164394 -0.006389996848340895 -0.20041061694614273 -0.03301984620943657 0.004611373141534831 0.9999457439881588 -0.009340466675662623 -0.005191500376672073 0.20045942901795585 0.008226604417850877 0.9796674641415559 0.3294506918850345
0.9782318946607709 -0.00625328130307686 -0.20742048293585597 -0.04006197287931751 0.004076279640326386 0.9999320518283294 -0.010921340150499493 -0.005537706336075331 0.2074746833054409 0.009838099376079623 0.9781909157153184 0.3562724409138601
0.9765578128518683 -0.007355677212775009 -0.2151295706561925 -0.04742311179309847 0.004542240901395967 0.9998976154791683 -0.013569325947488158 -0.006091297993027197 0.21520735629984858 0.012274060934218893 0.9764912397060267 0.38413092719187564
0.974895392115005 -0.011337741313264177 -0.22237452654214623 -0.0552575727619314 0.008215228713903285 0.9998543181609802 -0.014961700171520657 -0.007004556524053855 0.2225117624983194 0.01275923495973243 0.9748465096994158 0.4132559325677629
0.9730882765643738 -0.01784059581427351 -0.22974098274789284 -0.06369739685031818 0.014461252916077527 0.999761176775729 -0.01638479710311475 -0.007746173936481677 0.2299784298082609 0.012621511518221825 0.9731138778529066 0.44680844663628944
0.9711451200991635 -0.01813180927158249 -0.2377990605534842 -0.07140481842992737 0.014110822333775891 0.9997274136176549 -0.018600622420305343 -0.008699942481660266 0.23807150270590016 0.01470836339967805 0.9711362539033629 0.4716077363502495
0.9690989448770632 -0.013837186181158489 -0.2462839160740112 -0.08096997123320653 0.008527469206719733 0.9997079277995452 -0.022612858370210202 -0.009718286467441224 0.24652488172006323 0.01981391867679412 0.9689338941948401 0.5049339188147649
0.9667179707301735 -0.011101444006825547 -0.25560344874101015 -0.09003898365494284 0.004736154647724364 0.9996634736547967 -0.025505063802735938 -0.010815035852941086 0.2558005744842802 0.023445626060995817 0.966445222820269 0.5400268281700569
0.9645076074756382 -0.013466907138093648 -0.26371142852321305 -0.09905120018254804 0.006502690647638816 0.9996071285072226 -0.027263595725604082 -0.011948193354842648 0.2639749801325136 0.02458111164455243 0.9642162510631919 0.5691196101726643
0.9621733969261033 -0.01583431140098645 -0.27197725792819416 -0.10804432672301241 0.0081475720318943 0.9995354446857394 -0.029368552685981843 -0.013211482882704588 0.27231594025629136 0.026041685800667656 0.9618554253540346 0.5992672103409826
0.9598079277459269 -0.015297653334095216 -0.2802404746615635 -0.11882920964693375 0.006496371911479636 0.9994568400532023 -0.03230823459829719 -0.014236387095647188 0.2805824994329766 0.02918915335087026 0.9593859777683865 0.636072882334868
0.9573750432700384 -0.014767195908138128 -0.2884700269502906 -0.12941992184829026 0.004602057040367546 0.9993453436930498 -0.0358846082606549 -0.01577090559701272 0.28881109326805265 0.033027472867811734 0.9568162511377398 0.6699188322597109
0.9551359715718198 -0.015558755813580736 -0.29575868698499397 -0.1407758732945159 0.0036438027407883215 0.9991609073871769 -0.040794654684445604 -0.017646662490711243 0.29614523212630045 0.03788675582271746 0.9543912170709083 0.702961531594875
0.9533345689093573 -0.016717438540055495 -0.3014526944166669 -0.15186910969895648 0.0023352168289254996 0.9988442638939239 -0.04800711664504506 -0.019714631634337836 0.3019068506754536 0.045062886446259 0.9522718045707127 0.7365245195774699
0.9521069521523133 -0.017375042606674176 -0.30527112467059164 -0.16295380095961945 0.00025771777798886975 0.9984294131328335 -0.0560235715817597 -0.02171740855719772 0.30576508179446926 0.05326175819146238 0.9506160633344969 0.7681622759035716
0.9508792001049552 -0.017520851843918387 -0.30906595826525973 -0.1746747695976777 -0.0026509546095735198 0.9978995141425309 -0.06472659510404295 -0.02390602381525838 0.3095508346740769 0.062366492804775436 0.9488354448100126 0.8010243317596071
0.9494691897305805 -0.016983594781466858 -0.3134004072439176 -0.1843973312961473 -0.006466576988919261 0.9972643612547876 -0.07363407603230093 -0.02594215453568337 0.31379362825653545 0.0719399143687504 0.9467619593045637 0.8290668757701104
0.9481791363828574 -0.01653260330170417 -0.3173058435584296 -0.192660895044717 -0.009595486944901825 0.996699973756881 -0.08060452185409205 -0.027899358392166094 0.3175913285317285 0.07947222999957296 0.9448914819704679 0.851966553209238
0.9465116514820062 -0.014390822084329208 -0.3223485657615712 -0.201521389600296 -0.01456183261038681 0.9960820575820962 -0.08722664497759988 -0.03015420514606201 0.3223408857713086 0.08725502164780168 0.9425937165913055 0.8769049739218875
0.9449348863304197 -0.013380172588999685 -0.32698475740805477 -0.21028887737261617 -0.018092621087628973 0.9954997895525316 -0.09302056795702883 -0.03240159786919078 0.32675788844019527 0.09381439112608099 0.9404403980900375 0.9001180113095112
0.9432283773380348 -0.011219106314729457 -0.3319553582000985 -0.21924275025754703 -0.02265198462865649 0.9949295957945032 -0.097989729076945 -0.03511453531772126 0.3313715675441087 0.09994614082438996 0.9381916931830466 0.9241869966336
0.9418828953504662 -0.008714330483796471 -0.3358283369378488 -0.22973801532236618 -0.026830359592531425 0.994518840375517 -0.10105645918136898 -0.037811622001282526 0.3348682475994957 0.10419374540901896 0.9364864762329906 0.9480790397597674
0.9400726748354312 -0.007514039101117772 -0.34089133935045013 -0.23855595807237012 -0.029115469283410002 0.9943367749438028 -0.1022089401313211 -0.040627091160562005 0.33972879694862956 0.1060090430611847 0.9345300569340127 0.9711508256673411
0.937934499194161 -0.006861074903289327 -0.34674457583727186 -0.24695565173237288 -0.030195328631290288 0.9943921125147387 -0.10135368122237752 -0.04298763585706646 0.34549546646844165 0.1055331806573191 0.9324674956426652 0.9924013885768175
0.9358413849891918 -0.00613113470026838 -0.3523681474378722 -0.25575886421042743 -0.031127778377053605 0.9945028960944174 -0.09997525230340192 -0.04539113412804598 0.3510441048569531 0.10452941618083858 0.9305061190546109 1.0139603819529426
0.9329993985308472 -0.006428309299781245 -0.359820509672008 -0.2656681021860016 -0.03100527530670543 0.9946869627222764 -0.098165773533808 -0.048330008853480495 0.3585398098457579 0.10274494162673792 0.9278430264467618 1.0403616481980213
0.9298783879798841 -0.005606643488932913 -0.36782434546495174 -0.27428407155443535 -0.03161777357686292 0.9949657379696702 -0.09509730101593243 -0.0506344035377903 0.36650579799230176 0.10005871184090177 0.9250198669340924 1.0610989116893028
0.9263852154477541 -0.0036388598291463782 -0.3765596782702063 -0.2861387178932333 -0.03238324980382985 0.9954793865375463 -0.0892867073588087 -0.05395805573833556 0.3751822993318844 0.0949081117606852 0.9220795478645332 1.0905100347048606
0.9229570606919609 0.00013065807294074022 -0.3849029060001014 -0.29592211960704473 -0.03520103596572154 0.9958378681516816 -0.08407037184441732 -0.0562319450336371 0.3832899048837502 0.09114232432622472 0.9191201910145482 1.112618286814211
0.9191733574828194 0.003876335965676915 -0.3938341185235744 -0.3098327650583187 -0.03847414887444392 0.9960527604485587 -0.0799914887422257 -0.05929859743046759 0.39196948702947026 0.08867847778515289 0.9156942987785622 1.1438651971300993
0.9150963192034645 0.0053442880792479676 -0.4031999071988925 -0.32255801834301373 -0.04030216107117621 0.9961175524577927 -0.07826594085867972 -0.062218560316368424 0.4012162289754263 0.0878707020025877 0.9117588921070697 1.1737258415457952
0.9111240673694722 0.005174399183628788 -0.4120996960120163 -0.3347186228328992 -0.04085589242119176 0.9961297785356313 -0.0778219787015648 -0.06448161534616367 0.4101020969399875 0.08774217861238405 0.9078092201436259 1.1995554511382365
0.907388590064724 0.005496098600975333 -0.42025675428304393 -0.3463210644323469 -0.04145071851234214 0.9962099779370046 -0.07646906429117946 -0.06679008414671796 0.41824369039491804 0.08680710085544026 0.9041773845246928 1.223550390287629
0.9034130888960507 0.006480585789989249 -0.428722279359393 -0.35975674425639925 -0.0424226673661475 0.9963306992883049 -0.07433340399325064 -0.06939578864927594 0.4266674443929781 0.08534131275942188 0.9003731183413154 1.2504848339169623
0.8995605207984463 0.006054762591998682 -0.4367541748750447 -0.3718611505451277 -0.04153723097174017 0.9965583253518158 -0.07173675916285949 -0.07175999147353157 0.43481666005803593 0.08267311547259243 0.8967160242317689 1.275526361003246
0.8957272535226879 0.0064964286593231745 -0.444556502270943 -0.38523721744178574 -0.04074595518710939 0.9968848551407016 -0.06753038373204436 -0.07393474908043983 0.44273293804797165 0.07860268446930876 0.893201636564572 1.301321660246557
0.8920652077316357 0.008604446952273824 -0.4518247764868117 -0.4013915232399107 -0.041024886939662226 0.9972322227439608 -0.062006875205350746 -0.07621780805559733 0.45004069127835344 0.07385023638276177 0.8899491664021671 1.3312821761988236
0.888355799542149 0.008229529242769155 -0.4590819624732274 -0.41583340405278296 -0.039118971304395546 0.9975605542601865 -0.057815626505296355 -0.07831773684538647 0.4574862615466302 0.0693196612264999 0.8865106344898136 1.3583965912843148
0.8847342478829682 0.007325450901865564 -0.46603824777805636 -0.43319925229463047 -0.03771139509847608 0.997723419015027 -0.05590912115832526 -0.08069494089993552 0.4645677144428804 0.06703966675076985 0.882996331690718 1.3897753982772119
0.8816791739003451 0.006769393691536575 -0.47180081561974 -0.4489313709056018 -0.03708709876753888 0.9977978861411281 -0.054990231107967746 -0.08250020479613715 0.4703896059814758 0.06598146498335818 0.8799886731448551 1.417641663863714
0.8786135952614422 0.007704800211405805 -0.4774712413072251 -0.4655853541858983 -0.03760060257246531 0.9978816938363767 -0.05308784976278251 -0.08445672483554607 0.476050779757733 0.06459691292895368 0.8770421277978065 1.4473606200019111
0.8756955627828193 0.006850416798315106 -0.4828150299153582 -0.4822195370590573 -0.03630695184595955 0.9980029385175369 -0.05169081115653945 -0.08671998538847572 0.481496715014892 0.06279495600807027 0.8741954626568436 1.4772426724844794
0.8730826316546993 0.005957558330893527 -0.4875358712973194 -0.5005252282281343 -0.03553914483249962 0.9980431253119753 -0.051447927092184494 -0.08913964294613963 0.48627532066461593 0.062244899519899616 0.871585844880631 1.5093941732685718
0.8709337769177334 0.005152524162353422 -0.4913733893065085 -0.5192634942555724 -0.03529168905286099 0.9980187321212844 -0.05208749388119419 -0.09125554217461389 0.49013146492303816 0.06270615464038524 0.8693900650816141 1.5423656266586245
0.8696896071674906 0.005253912527125662 -0.4935710522184324 -0.5376592016175888 -0.03600287241517262 0.997955072190027 -0.05281540559399398 -0.09321163652355167 0.4922842475264753 0.06370298496427662 0.868100310646145 1.573482964878366
0.869301019243204 0.005944577190163272 -0.4942473064618099 -0.5544220180298011 -0.036215339917920156 0.9980061347323762 -0.051693366993987064 -0.09542138489782657 0.49295454871352157 0.06283643082301846 0.8677830350174361 1.6018648090063667
0.8690954279113112 0.0064467700232266525 -0.49460244271527803 -0.5725297219501411 -0.035853689926469555 0.9981059077717169 -0.049991097105955666 -0.09761593517817062 0.4933433389661879 0.06118035654904606 0.8676804215091091 1.633556197172644
0.8689134403731242 0.0055230561457838825 -0.4949332571061969 -0.589397880589374 -0.034446705215109175 0.9981880372994613 -0.049336261431895026 -0.09959837415299755 0.49376396956315055 0.05991776066462847 0.8675292527161127 1.662425615087308
0.868134755546806 0.003014353159964445 -0.4963194131672782 -0.6097590749062074 -0.032190664352112756 0.9982180854483588 -0.05024355692411262 -0.10189618187085892 0.495283562558109 0.059595029648824 0.8666848476239236 1.6981190781785547
0.8668467190039226 0.0008145096347399766 -0.49857406904710366 -0.6300777245655627 -0.030143897738266052 0.9982549008897607 -0.05077891569069795 -0.10424761484813391 0.49766264796674714 0.05904650221336746 0.8653585380610122 1.733984010054414
0.865198428073473 0.0007373704462085991 -0.5014290940342557 -0.6499615047942123 -0.02917708158475737 0.9983786084806361 -0.0488758840172427 -0.10646827960796212 0.5005800415212183 0.05691757560803004 0.8638171169972959 1.7675440193647296
0.8629750237531741 0.0017732000247610564 -0.5052434701605544 -0.668477317870278 -0.028330468530502702 0.9985903730813421 -0.044884867629412205 -0.10874276074174301 0.5044516755161469 0.0530483039402774 0.8618087865170628 1.8000178095713706
0.8605024417799654 0.0015655246444881573 -0.5094439093985741 -0.6870465171362041 -0.02598116076255566 0.9988288550815548 -0.04081540814327248 -0.11081670760529974 0.5087833792255251 0.04835770247912294 0.8595353428654324 1.829635826193464
0.8567086751381723 0.0012832635998763758 -0.5157989910590447 -0.7077346646470588 -0.02481007911026944 0.9989419484119485 -0.03872265070321814 -0.11280151325560701 0.5152035577493003 0.04597104455496618 0.8558340710353785 1.8624266764204527
0.8514119139089551 -0.0021846746734091385 -0.5244930695924005 -0.7285373180969766 -0.022689892456619717 0.9989017545598323 -0.040993335038733925 -0.11487760454850492 0.5240066045711573 0.04680290518613491 0.8504272846234089 1.8957820038831965
0.8452323663439553 -0.005533715561367938 -0.5343703068815481 -0.7488496504797258 -0.021487638709076783 0.9987857952057578 -0.044330764463446 -0.11693763059185863 0.5339667857341887 0.04895215304040541 0.8440871746717916 1.9289361306972812
0.838983308494754 -0.005677661725332448 -0.544127533051329 -0.7713730945416591 -0.021715478098892294 0.9987996861330998 -0.043904726298673286 -0.11892651804132832 0.5437236854121107 0.04865132205559921 0.8378529720566216 1.963151276776398
0.8328341541731992 -0.00240926621577917 -0.5535173593293247 -0.7949747209372892 -0.022882241992433 0.9989858458708355 -0.03877734842835756 -0.12114061157335237 0.5530494323693009 0.044960818342598026 0.8319344025642629 1.9992585183275298
0.8273288777961793 0.002167008319257212 -0.5617136566253792 -0.8194845906388669 -0.025929065962573085 0.9990739408789817 -0.03433575679743307 -0.12338838552389556 0.5611190706996313 0.04297167359422169 0.8266189108444671 2.0356966814272117
0.8229287399891186 0.002221770358130305 -0.5681402578909477 -0.8462813178066602 -0.027488704463656352 0.9989769088385864 -0.03590970250803217 -0.12569620048816973 0.5674792155020532 0.04516856588138994 0.8221478824575247 2.0746042356685184
0.8196140542553827 -6.136761832616957e-05 -0.5729160482139292 -0.8696699820474826 -0.028096334888481355 0.9987924586460324 -0.04030161929315955 -0.12768066493844174 0.5722267016077484 0.049128614735528466 0.8186226121854221 2.1070830538635144
0.8164402316614525 -0.0025637789391647426 -0.577424259242838 -0.8948732223075024 -0.030277145124409453 0.998424458439675 -0.047242938864553954 -0.13023819626080393 0.5766356237761447 0.05605379404639549 0.815076272237942 2.141854886939908
0.8134375785158006 -0.0033657611194555887 -0.5816424825530137 -0.9159497318926385 -0.03054206384831811 0.9983565633115871 -0.04849077055033104 -0.13241950716820514 0.5808497983078159 0.05720877681585614 0.8119979480645269 2.170390406630868
0.8102159576489028 -0.002010964586675696 -0.5861280218454819 -0.9363656209644644 -0.029310277725983908 0.9986040166596873 -0.043942297741094434 -0.13472356754122153 0.5853981632963082 0.0527823259488678 0.8090259677394387 2.1981343790592596
0.8070762889306099 0.000391586850982139 -0.5904470429308014 -0.9579326908396676 -0.028710231384056165 0.998842933632917 -0.03858129787170501 -0.13667376198883524 0.5897487485869405 0.04808992193099807 0.8061536906501184 2.2271979583304944
0.8039919549777845 0.002247885784123489 -0.5946359250335422 -0.9806931643755367 -0.02906998911646304 0.9989457750802081 -0.03552849816940978 -0.138610058380766 0.5939291810172005 0.045850686569632274 0.8032097126388161 2.2578387487484717
0.801132528486406 0.002501909028823452 -0.598481755989424 -1.0025850244650583 -0.029981884406293496 0.9989034477813356 -0.03595815092592175 -0.14027877410719683 0.5977355254696005 0.04675085519833075 0.800329056782149 2.2857424025727053
0.7978775596987874 0.0011658745477856778 -0.602818414172661 -1.0250796073967794 -0.03000326492547963 0.9988355639553684 -0.037779892426744094 -0.1420203216767221 0.6020724240678303 0.048230248957514 0.796983462352 2.314350912841427
0.7938516603332205 -0.0015323026514641991 -0.6081095242098816 -1.0476759044007324 -0.028793117433773347 0.9987805512011104 -0.04010445026247264 -0.14408117878424762 0.6074294179364612 0.04934635337078701 0.7928394791093443 2.343665746413214
0.7896206805600468 -0.002833108437009018 -0.6135887501645285 -1.0715407360729872 -0.02773591625051604 0.9988024041204626 -0.0403047946643097 -0.14612318848091174 0.6129681066594144 0.04884394557948809 0.7885964552282745 2.3736664598791166
0.7848984130462234 -0.002914409224723035 -0.6196176138687363 -1.0968852110553233 -0.027396531629759652 0.9988477687427337 -0.039402600578206055 -0.14823478052582836 0.6190185063890851 0.04790241222043978 0.7839141838564273 2.4059003397467396
0.7798568747301253 -0.002690100473224095 -0.6259520894570142 -1.1222350368744243 -0.02729836761226137 0.9988932210657693 -0.03830315958977723 -0.1504723515995615 0.625362338218303 0.04695845257563483 0.7789203102178288 2.436853646553304
0.7745208362699115 -0.00419362476664651 -0.6325344952609858 -1.146750405129032 -0.02673169167500262 0.9988676758286619 -0.0393545784482856 -0.15246820006872294 0.6319832994976571 0.04738965811193738 0.7735317249215372 2.466488215218828
0.7692705356980756 -0.005600274409290096 -0.6388986459786345 -1.1699817434406552 -0.025946764806629902 0.9988628587385854 -0.0399969352407606 -0.15439989962364084 0.6383961217793077 0.047345816701424355 0.7682504574277939 2.4939231082978424
0.7640526200241398 -0.00670676282025482 -0.6451190689839483 -1.194543836711824 -0.025591920288273666 0.998843850890148 -0.040694166104013836 -0.156392188533131 0.6446461412668204 0.04760232002135286 0.7629976223281323 2.521575257377514
0.7581264968639283 -0.00819269151452223 -0.6520560516999838 -1.21890903415793 -0.02491744470214482 0.9988268988239754 -0.04152044237719977 -0.158401797005605 0.6516312881548422 0.047725318138600634 0.7570329968411087 2.5498988268245237
0.7518571338352311 -0.01012878553011493 -0.6592482521817952 -1.24525616896204 -0.023982211040640147 0.998800196143413 -0.04269685863719681 -0.16045436452667666 0.6588897509103235 0.04791216847072848 0.7507121420742865 2.5800046406001576
0.7456089998832013 -0.01166443496571937 -0.6662815923092112 -1.271079812070408 -0.022560288336258394 0.9988317956530598 -0.04273262667648997 -0.16232828867137536 0.6660016912015698 0.046893335874277985 0.7444748231923158 2.60811380424737
0.739288175004322 -0.01161574055885113 -0.6732889935755995 -1.2972849922682934 -0.02156238583052535 0.9989301528572977 -0.04090981825667423 -0.164482886877483 0.6730438751047874 0.04476186193365939 0.7382467865830248 2.63655522964086
0.7327616142863449 -0.012051373809512015 -0.6803787041183522 -1.3248788463804884 -0.020888501134895675 0.9989736387293039 -0.04019128816390985 -0.16660418811704295 0.6801647500045863 0.0436627245283702 0.7317578010092934 2.665841834685626
0.7261731462650941 -0.013954966372852363 -0.6873702208831728 -1.3510472311164268 -0.019438818662914078 0.9989775145141735 -0.04081737159687043 -0.16861822113099095 0.6872369998569917 0.04300214423280775 0.7251593767020739 2.6933930153960386
0.7197624758298455 -0.015465047346324748 -0.6940481328394029 -1.3778329764595565 -0.019230915896135077 0.9989240099880092 -0.042201826302593975 -0.17074005174418427 0.6939539972224962 0.043722472254601796 0.7186906115700018 2.720424473520457
0.7138544041767659 -0.01476182313954271 -0.700138542157926 -1.4061622500021314 -0.02066374465999297 0.9988984519003138 -0.042129472436595976 -0.17271170692107407 0.6999892136983644 0.04454179350628028 0.7127630246703229 2.7483933956588014
0.7090623115623267 -0.014327884434743239 -0.7050002482620198 -1.433183371659126 -0.020864659689821742 0.9989294784585816 -0.0412863541923557 -0.1745415337506272 0.7048370764211482 0.04398418800084099 0.7080042986507874 2.774581759241255
0.7041053937006321 -0.0140958590301408 -0.7099555629191695 -1.4713390871452678 -0.021496587416870043 0.9989215984213741 -0.04115260546696661 -0.17735623612395882 0.709770027044746 0.04423739329451147 0.703043072466691 2.811753764486009
0.6998648006239501 -0.015014408640494595 -0.7141175172062155 -1.497622657094511 -0.021515814335354447 0.9988822097528915 -0.04208801222047394 -0.1792998912661554 0.7139512102245349 0.04482073819517446 0.698759451346856 2.83668261611221
0.694473270049488 -0.01694326482503664 -0.7193189855438507 -1.5367101407320685 -0.022051196671542973 0.9987519135709358 -0.04481472820124113 -0.18225156662814465 0.7191805210877983 0.04698447526009813 0.6932328881208782 2.874147239786058
0.6889288844827152 -0.01950019757340505 -0.7245665838416746 -1.5742315378595582 -0.021774912608230824 0.9986300618833946 -0.04757996094656035 -0.185085712075817 0.7245017910994412 0.04855658346064248 0.6875604794462294 2.910934162613278
0.6839538661883029 -0.01976545614578031 -0.7292574549974901 -1.6105026129587938 -0.022244101871107765 0.9986030820482193 -0.047927908944064776 -0.18796967524678412 0.7291860591495238 0.04900215573984358 0.6825587739344006 2.944295817872541
0.6788798067591482 -0.01924899723057853 -0.7339970599942975 -1.6452547764682748 -0.021896667874176625 0.9986809353704765 -0.04644270947697975 -0.19073092920387164 0.7339228460203848 0.04760110747842108 0.6775628315190874 2.9765718641740566
0.673832743153536 -0.019016574047984926 -0.738639156940418 -1.6788641182342114 -0.021547958253687105 0.9987378134373449 -0.0453703152456907 -0.1934891845993734 0.738569644481324 0.04648816969803579 0.6725724721759386 3.0069032868805547
0.6691233692350799 -0.02001795738671663 -0.742881685146129 -1.7141854377195462 -0.02091179388937334 0.9987341175774496 -0.04574777877805902 -0.19622674929341466 0.742857061364981 0.04614589655496271 0.6678577263244923 3.037808766065971
0.6644953523956452 -0.02099507371249205 -0.7469974119930992 -1.749242968542162 -0.019630977079409476 0.9987698734334464 -0.045534214176264215 -0.19900172216606626 0.7470345048145277 0.044921562768330696 0.6632657851984837 3.0687481022448377
0.660022202457534 -0.021449124694170187 -0.7509398293558238 -1.7872240023226473 -0.018699898447865126 0.9988135265521054 -0.044965019455023264 -0.20195295014285863 0.7510133194964902 0.043720409723661924 0.658838007185723 3.101803189433681
0.6562487460057257 -0.02201879498579337 -0.7542232799597741 -1.8210098442443583 -0.017740164053808006 0.9988475753340944 -0.04459605171479712 -0.204543360184306 0.7543360457682293 0.04264614773433029 0.6551018517285465 3.1303475433134182
0.6520712493954619 -0.025055155113208324 -0.7577435746438816 -1.8637230954454107 -0.015007755522616639 0.9988313825332263 -0.04594166454255938 -0.2076106130889548 0.7580091377984876 0.04132926891466406 0.65093320590132 3.167073579996743
0.6476584614405481 -0.030008143250221338 -0.761339627671599 -1.9011111265075824 -0.01176229960938499 0.9987112896819093 -0.049370114136003215 -0.21026245126211163 0.7618399868951167 0.04093007696763981 0.6464708525270633 3.199308177825701
0.643102001988841 -0.03417049003542338 -0.7650177727665394 -1.9385806256475608 -0.007520980104277749 0.9986739337209533 -0.05092945085698313 -0.21312942697942247 0.7657435927882165 0.038506515254714976 0.6419922105343092 3.2304270944289364
0.6362865633510867 -0.03797241205228301 -0.7705176865080956 -1.979128837213916 -0.0020776200242780254 0.9986998962732571 -0.05093329636716828 -0.21643541570003585 0.7714499937091764 0.0340090150801583 0.6353804325751506 3.2642872510660355
0.627723121868173 -0.04186487000591141 -0.7773101150322538 -2.019843448840296 0.0028471069332600355 0.9986695659202964 -0.051487785800932266 -0.21972531483908792 0.7784314846241611 0.030106988623240363 0.6270071713958788 3.2972535254071604
0.6182597079973693 -0.04294428074500266 -0.7847997975396622 -2.0601922277543028 0.005688207967624176 0.9987245383187101 -0.05016912247789439 -0.22282057982030865 0.7859532923508334 0.026553442552312873 0.6177154174306343 3.3301846107997393
0.6092876031881611 -0.04148872791257555 -0.7918631839259955 -2.102483448619714 0.00615346600922205 0.9988475836563834 -0.047598734015547664 -0.2260367412144437 0.7929254387754809 0.024128615376881216 0.6088407496732637 3.3625511150427725
0.6007421497670798 -0.04124907803199028 -0.7983779700459744 -2.142480500349 0.005783910514797202 0.998866094122877 -0.04725539536254418 -0.2291423175343985 0.7994219260643115 0.023770561062457306 0.600299545688982 3.3909876490486157
0.5907183135009167 -0.04242229514368385 -0.8057618897474411 -2.1844950753988 0.0050459356012585435 0.9987916289444058 -0.04888579021038208 -0.23246878447958522 0.8068620778228025 0.024811908941623134 0.5902185667582293 3.4227919524792476
0.5802766843935981 -0.044649499179089114 -0.8131945596056467 -2.2307693239001756 0.0058457063173840956 0.9986986728934726 -0.05066348269189997 -0.23605189409442878 0.8143984266112092 0.024645141181939667 0.5797825624743341 3.4565815875353283
0.5703014075413115 -0.046359086951315735 -0.8201262949164793 -2.2716604246869796 0.006523499160615842 0.9986303034030177 -0.051913014590789223 -0.23908243086901182 0.821409610678552 0.02425597209435348 0.5698226911089657 3.4850492291736996
0.560699698686395 -0.04715414366687514 -0.8266754711662989 -2.3148912687737835 0.009329713836512732 0.998673541786097 -0.050637075114459466 -0.24214793443827265 0.8279666686121517 0.02067954717739226 0.5603958886321612 3.5134091016604283
0.5502242668404108 -0.047416740882587335 -0.833669544162433 -2.360152825976761 0.010553134256028692 0.9987015500463405 -0.04983819110297443 -0.245345289413416 0.8349502305750307 0.018624355535577918 0.5500102233991508 3.543392296877683
0.53989003132317 -0.04847362408319176 -0.8403386590215286 -2.4090713669284884 0.011357139362433351 0.9986690700745394 -0.050310077141290044 -0.24878746656449957 0.8416589389196546 0.017618065861534388 0.5397219972281433 3.574886028987346
0.529915748679271 -0.04942740576644913 -0.8466086645321318 -2.4559887530258173 0.010933713744306475 0.998615291536052 -0.05145826866625936 -0.2522251937384082 0.8479798070741047 0.018011970174576 0.5297223949626737 3.6036057278629614
0.5201731342741858 -0.04966088210035576 -0.8526158027906694 -2.501969079185462 0.009768708200209543 0.9985886969482994 -0.05220332046146165 -0.25583258021709226 0.8540049664489429 0.018825809839608968 0.5199241350085795 3.630611896352334
0.5100444524183401 -0.050543328193337005 -0.8586617660827862 -2.5501551909302944 0.008845073096357741 0.9985274818124498 -0.05352226403295261 -0.259569424156938 0.8601025643719395 0.019703807764827386 0.5097404621181026 3.6590871624428085
0.5004655043211935 -0.050640711508807515 -0.8642741447725997 -2.5928625398256293 0.008059867911960153 0.9985170837131218 -0.05383931706745316 -0.2625209352337928 0.865718959890429 0.019978785521882245 0.5001315133195477 3.6838964366971414
0.4917664803686562 -0.04858245885091107 -0.8693707341967619 -2.6420566091501163 0.007459981725454098 0.9986406635883983 -0.05158656511520177 -0.2662293840478272 0.8706951690795526 0.018883053771258877 0.4914604285410957 3.7110155578331265
0.48424830791398304 -0.04699764792107774 -0.8736674409478267 -2.6920666982462778 0.008328584786072322 0.9987586285675426 -0.049110452424594504 -0.26985551861442364 0.8748909708974579 0.0165052401307355 0.48403859979378383 3.7373254612643776
0.47647881207252507 -0.047291271058456784 -0.877913137689387 -2.7408469844561347 0.00813685581839821 0.9987467150832323 -0.049384113719381895 -0.273173180662312 0.8791482999035698 0.01638703121780986 0.4762664506182711 3.7636432341673367
0.4685797823197729 -0.05029494614786297 -0.8819883253156651 -2.787300436331851 0.009833481230261875 0.9986131525104545 -0.05172112025112808 -0.27643611658305756 0.8833664529786264 0.015562455626306933 0.46842450803393737 3.7886446177273725
0.4610384127060656 -0.05412287909864615 -0.8857281162792215 -2.8339766193044458 0.013273211128273335 0.9984472095681847 -0.054101678087234595 -0.2799403299895042 0.8872809047172195 0.013186495500451494 0.461040901071267 3.8136937932903816
0.45503767490401165 -0.05678617566366107 -0.888659690022812 -2.8787825133364766 0.014505446923011724 0.9983048471566482 -0.05636509694048169 -0.2833556380084609 0.8903540343186559 0.012757836691290316 0.4550900253526205 3.836356996122254
0.44932689161860023 -0.06045324408540372 -0.891319667542409 -2.92457579196089 0.016781370107687568 0.9981029396848125 -0.059236031347897504 -0.2869896430964636 0.8932097906346902 0.011658776612082934 0.449488979667176 3.8597049929412646
0.44446675908225425 -0.06110576944028111 -0.8937087808744087 -2.972501433143935 0.01934791055888873 0.9980928243312561 -0.05862057979469234 -0.2910438582470385 0.8955863768659693 0.008763501558818464 0.4448013518555344 3.883258620765886
0.4398836159233779 -0.058459649472792766 -0.8961500286367711 -3.018941102539154 0.021456863909904794 0.9982783068384108 -0.05458960603440837 -0.29485851620001363 0.8977984224943355 0.00478450408693194 0.4403806320529105 3.9062961497095197
0.43604304465188304 -0.05674613256747022 -0.8981349228536569 -3.0706864375875074 0.02465550350146949 0.9983886298424187 -0.05111017460810822 -0.298764563155703 0.8995879997853442 0.0001422674135987233 0.4367395223725268 3.9306686258599663
0.43275617815811107 -0.05610346050654854 -0.8997635756048188 -3.117517451788795 0.026048950722522248 0.9984231174108477 -0.04972656016521289 -0.3022707946284278 0.9011345861924468 -0.0019184209128033426 0.4335352087535281 3.9529341294371014
0.43013172034542074 -0.05621450610451994 -0.9010142243361681 -3.162363510366851 0.02769698105804591 0.9984112942970831 -0.04906897859441692 -0.3054049238850435 0.90234116629629 -0.003849249726058887 0.43100533973907146 3.973323177552341
0.4276633666390409 -0.055495995686258286 -0.9022329185402985 -3.2110124651710112 0.029633567839894532 0.9984378869375747 -0.04736705167851103 -0.3088538384609213 0.9034522104085142 -0.006479227610351783 0.42863985246070907 3.9964555116127456
0.4252380777997608 -0.05473602738673748 -0.9034248969865042 -3.2588680689253575 0.031184770547651956 0.9984630395871634 -0.04581559411661803 -0.31198923593267 0.9045441322981677 -0.008690562944155336 0.4262914341629018 4.018918974654001
0.4234065932609193 -0.055835395206115954 -0.9042174879006445 -3.311026541704611 0.033876906047602004 0.9983766533584032 -0.04578660574362061 -0.3155614170421605 0.9053061427052266 -0.011245740129320985 0.424610788027252 4.042666873877643
0.42091040284329634 -0.056569446769796174 -0.9053365840782345 -3.3577483697029256 0.03640365529396817 0.9983029340301365 -0.04545355638521701 -0.31839853254359973 0.9063714507085512 -0.013825686203040057 0.422255424762652 4.06477314041275
0.4186081396757996 -0.05584088892342618 -0.9064485757732762 -3.4113951964097486 0.03977406509620849 0.9982774381366798 -0.0431298070131972 -0.32198008183159355 0.9072955687882974 -0.017998656380798856 0.42010808040979364 4.0897758238228725
0.41656945632442394 -0.05510886326427793 -0.9074320367097947 -3.4659095919790532 0.04165938705678476 0.9982695778116434 -0.041501150415636893 -0.32570682468118317 0.9081488774026085 -0.02051495077953749 0.4181444167591993 4.1146974954250615
0.4153449242475709 -0.056530943444928344 -0.9079057474952998 -3.5222053243235654 0.04390612304215743 0.9981497237742488 -0.042064014178416195 -0.3294830133190703 0.9086037894820703 -0.02239154667772494 0.41705847596733636 4.139799751926417
0.4145883571406751 -0.05785642560132351 -0.9081680065604757 -3.583138213211714 0.04524543516993007 0.9980531367921138 -0.0429276919448196 -0.333518945066664 0.9088835704971634 -0.023293135384989616 0.4163989494754536 4.1672290367523335
0.41368747189344085 -0.05933321495590219 -0.9084834864769992 -3.633827297705924 0.045556920325690385 0.9979730846633359 -0.044432975344759325 -0.3370523226249293 0.9092784186424114 -0.023006344571557737 0.4155520009584926 4.190594732275403
0.4145191798430512 -0.059925054770920694 -0.9080654367130929 -3.691393150532006 0.04453295420915659 0.9979698860898355 -0.04552935808079071 -0.3410965363204936 0.9089503097153562 -0.02156604434162863 0.41634629841012166 4.216117843153939
0.41659392435004683 -0.05925198685369905 -0.9071596905994616 -3.7410627920448056 0.04222209544032088 0.9980579650467504 -0.04579948758852376 -0.34481825194514754 0.9081116654086372 -0.01922239476837467 0.4182866274316183 4.238834310238947
0.42044558187121345 -0.05968997133129086 -0.9053522077111432 -3.786832630891313 0.040532906702171745 0.9980731443965933 -0.04697959034061634 -0.3479839498685788 0.9064119351372438 -0.01694419537092733 0.4220548519848892 4.260357836996795
0.42547355385591645 -0.0601110804398305 -0.9029722658961166 -3.8385581954403993 0.039618727543284715 0.9980721488580641 -0.04777386421150407 -0.3520420491228447 0.9041032083767099 -0.01544809639418017 0.4270348286975353 4.284323380853147
0.43134054630387164 -0.06012256824900083 -0.9001836534293522 -3.8858765590981763 0.03908840734582325 0.9980855067423754 -0.04793138472842957 -0.3554289111448482 0.9013420158438401 -0.014511995657434246 0.4328648431746321 4.306465308698852
0.43834289031123447 -0.05883956867861855 -0.8968798223125 -3.9322352460351007 0.03793124831498714 0.998176959428899 -0.04694654477750131 -0.3587931287319935 0.898007088454681 -0.01344108712093912 0.4397756317284441 4.3286029359763285
0.4470577651813217 -0.057387188101824166 -0.8926623467094611 -3.9833765529260425 0.03674638685338992 0.9982757480658284 -0.04577372474284686 -0.36265056684722086 0.8937499972835217 -0.012338616834076216 0.4483956967794446 4.352778200615624
0.4561834602649355 -0.05689073524395752 -0.8880653663014373 -4.03244074281509 0.03647141618264803 0.9983111346912711 -0.04521851559992815 -0.3661761637339112 0.889138058111525 -0.011761062657353875 0.4574879135265028 4.377079238730356
0.4655052142706229 -0.056250426359539175 -0.883255786859744 -4.079034731859141 0.035549068453405316 0.99836123366761 -0.044845410487425796 -0.36959600657662944 0.884330910473533 -0.01052314801093788 0.466742010255118 4.401234317784336
0.47585576418299735 -0.056623784939852984 -0.8776987174839069 -4.126612487904623 0.0344294763169516 0.9983598081306935 -0.0457417169527793 -0.3731372592648509 0.8788491923272997 -0.008452247531421405 0.47702479669018993 4.426147265608561
0.4858236697947484 -0.05810071446981259 -0.8721236545612409 -4.174818963620913 0.03250534638960113 0.9982990170337418 -0.048399122363521306 -0.37655038125762585 0.8734522106693908 -0.004835242244584672 0.4868858758571525 4.453059526226614
0.49737282193731447 -0.05873010975567383 -0.865546677081134 -4.221524697086475 0.030597578673284165 0.9982727116866842 -0.05015357695169963 -0.3800966884394977 0.866997153500191 -0.0015386064486710754 0.49831071482836653 4.479505305455232
0.5095164518435762 -0.056688812499268985 -0.8585914999801415 -4.263238497166984 0.028277242105081465 0.9983916083094351 -0.04913851886487797 -0.38333955418191895 0.859996152828402 0.0007582840665792225 0.5102999530919217 4.503992956148529
0.5219199574470108 -0.053858752443663435 -0.8512924249655442 -4.310578086674191 0.026713177357555285 0.9985471443607733 -0.046797506818342036 -0.38703770707240154 0.8525760753000068 0.001683827236008778 0.5226004214998986 4.532855214144783
0.5341111707550984 -0.05109742551630915 -0.843868657067092 -4.35677173849929 0.02576558319362561 0.9986919674057586 -0.044164340388053315 -0.39060369437199416 0.8450215334518397 0.0018458994621359602 0.5347290909029283 4.561660960389818
