1.0000 0.0000 0.0000 0.0000 0.0000 1.0000 0.0000 0.0000 0.0000 0.0000 1.0000 0.0000
1.0000 0.0000 0.0000 0.0000 0.0000 1.0000 0.0000 0.0000 0.0000 0.0000 1.0000 0.0000
1.0000 0.0000 0.0000 0.0000 0.0000 1.0000 0.0000 0.0000 0.0000 0.0000 1.0000 0.0000
0.9999 0.0121 0.0004 -0.0000 -0.0121 0.9999 0.0078 0.0000 -0.0003 -0.0078 1.0000 0.0000
0.9998 0.0198 0.0055 -0.0000 -0.0198 0.9997 0.0116 0.0000 -0.0053 -0.0118 0.9999 0.0000
0.9995 0.0271 0.0143 -0.0007 -0.0273 0.9995 0.0157 -0.0008 -0.0139 -0.0161 0.9998 -0.0007
0.9993 0.0307 0.0200 -0.0010 -0.0311 0.9993 0.0184 -0.0019 -0.0194 -0.0190 0.9996 -0.0015
0.9991 0.0358 0.0231 -0.0010 -0.0362 0.9992 0.0163 -0.0020 -0.0225 -0.0171 0.9996 -0.0017
0.9988 0.0404 0.0269 -0.0010 -0.0408 0.9991 0.0150 -0.0020 -0.0263 -0.0161 0.9995 -0.0017
0.9987 0.0439 0.0273 -0.0013 -0.0444 0.9988 0.0182 -0.0034 -0.0264 -0.0194 0.9995 -0.0035
0.9985 0.0474 0.0277 -0.0015 -0.0480 0.9986 0.0214 -0.0048 -0.0266 -0.0227 0.9994 -0.0052
