1.0000 0.0000 0.0000 0.0000 0.0000 1.0000 0.0000 0.0000 0.0000 0.0000 1.0000 0.0000
1.0000 -0.0025 -0.0033 -0.0004 0.0025 1.0000 -0.0020 -0.0005 0.0033 0.0020 1.0000 0.0381
1.0000 -0.0008 -0.0071 -0.0015 0.0008 1.0000 -0.0035 -0.0009 0.0071 0.0035 1.0000 0.0755
0.9999 -0.0008 -0.0112 -0.0026 0.0007 1.0000 -0.0047 -0.0015 0.0112 0.0047 0.9999 0.1158
0.9999 0.0000 -0.0157 -0.0041 -0.0001 1.0000 -0.0052 -0.0022 0.0157 0.0052 0.9999 0.1554
0.9998 -0.0012 -0.0201 -0.0055 0.0011 1.0000 -0.0052 -0.0029 0.0201 0.0052 0.9998 0.1962
0.9997 0.0007 -0.0244 -0.0073 -0.0009 1.0000 -0.0064 -0.0036 0.0244 0.0064 0.9997 0.2370
0.9996 0.0037 -0.0291 -0.0095 -0.0039 1.0000 -0.0069 -0.0043 0.0291 0.0070 0.9996 0.2787
0.9994 0.0040 -0.0332 -0.0116 -0.0042 1.0000 -0.0053 -0.0049 0.0332 0.0054 0.9994 0.3198
0.9993 0.0033 -0.0375 -0.0140 -0.0034 1.0000 -0.0026 -0.0056 0.0375 0.0027 0.9993 0.3654
0.9992 0.0031 -0.0409 -0.0165 -0.0031 1.0000 0.0000 -0.0063 0.0409 0.0001 0.9992 0.4106
