1.0 0.0 0.0 0.0 0.0 1.0 0.0 0.0 0.0 0.0 1.0 0.0
0.9998729021002156 0.0018275187278230937 0.015837923506329114 3.7927367594096504e-05 -0.001814185850932768 0.9999979878588097 -0.0008561588816079352 4.17444811010583e-05 -0.01583945628458098 0.0008273171288788461 0.9998742056733824 0.0005349356758890685
0.999296577337427 0.004579064754065892 0.03722072927391299 0.00024036319195204495 -0.004580751638943967 0.9999895075038356 -3.9958212695276165e-05 0.0002153980362650705 -0.03722052170679669 -0.0001305688114414018 0.9993070677802991 0.0017853829132098357
0.997853862325371 0.007636755354792204 0.06503344839381353 0.0006356915794338511 -0.007760512609861638 0.9999685245299573 0.001650573661686589 0.0005226785845581899 -0.06501879640820687 -0.0021517241996895937 0.9978817195422497 0.003589944236137986
0.9963491195494278 -0.00515169786678497 0.08521673534094705 0.02885977699620699 0.006447278273987891 0.9998676783481532 -0.014935139689081469 0.01752892513791537 -0.08512851799448469 0.015430029285907792 0.9962504954178439 0.019754637323602494
0.990926183846123 -0.008472191805881234 0.1341399274420697 0.015475625339450055 0.010237497679238131 0.9998697643216603 -0.012475898228805241 0.017794355074549354 -0.13401675943488087 0.013735951417803828 0.9908838639463364 0.007642369473944994
0.9846340286534515 -0.012103553900490269 0.17421060128663632 0.015583420700147383 0.014290759991007446 0.9998339605328702 -0.011305995932900844 0.017826796450818968 -0.17404483272005683 0.013621870214227975 0.9846435095278467 0.00809431420352522
0.9756658445046886 -0.01227610234065948 0.2189188369653777 0.016208475786072367 0.014647711864552954 0.9998502667985085 -0.009213496626400529 0.017913896452114653 -0.21877295171954997 0.012195954012430068 0.9756995717441116 0.009683122949359059
0.9673469722537945 -0.01241659981081239 0.25315146320049925 0.02820595391004574 0.01404539140325342 0.9998906494193996 -0.004627762308107596 0.01715839398761123 -0.2530663198684181 0.008032263242016172 0.9674155883049783 -0.005687199875695718
0.9507726984718824 -0.015332156111379391 0.30950961346858075 0.018250293812484494 0.01533316067181204 0.9998794885618602 0.002429513754771851 0.017643303826355292 -0.30950956370410526 0.0024358452841859142 0.9508932098997482 -0.014629339958704768
0.941109107914243 -0.025934493062772814 0.33710688078179907 0.035454786825435416 0.02396099201437849 0.9996627369686225 0.01001414889487111 0.018417366489552556 -0.3372528989683309 -0.0013469914545670581 0.9414131227848263 -0.04240458920590564
0.9207057919657651 -0.031187101000820394 0.3890092664344352 0.03661342897625339 0.027518886058949144 0.9995087408305201 0.014999597109979175 0.01857725511163578 -0.38928595601532623 -0.0031051142574253596 0.9211117210820206 -0.04046775419845642
0.8961714698315505 -0.031752990803208404 0.4425702703921828 0.03882636992517251 0.025611116837956124 0.9994749155850099 0.019848521623752575 0.019178123926748666 -0.44296813356523723 -0.006452959893520475 0.8965141337170001 -0.035949274366585716
0.8737334203603672 -0.03359319573011936 0.4852436577081784 0.04461979307469897 0.02473565113852721 0.9993901229457515 0.024648118005801793 0.019637205781495106 -0.48577572778816985 -0.00953306661640164 0.874031499965969 -0.04790312973253384
0.8409809214337692 -0.037801916341415366 0.5397426283936863 0.048921708031256894 0.025807733054519538 0.9992235186413978 0.029771138851069426 0.019866526030821927 -0.5404489344045319 -0.011107426111374843 0.8413034971912257 -0.043160439672698954
0.8066945674965209 -0.04343106455276875 0.5893705264122172 0.056106144549860536 0.029166259893874846 0.9990064482333162 0.03369637476133647 0.020781274522283295 -0.5902484257119225 -0.009992948517167198 0.8071597964000254 -0.037386013388390704
0.7703924485043573 -0.0472386962682843 0.6358175688531527 0.06535066917985745 0.030497007989608027 0.9988402171172366 0.037257927651332116 0.021494385748109177 -0.6368401744481432 -0.009312692632259074 0.7709395994270858 -0.03102536788913035
0.7316636662090092 -0.04947691669940341 0.6798678652970087 0.06866244004003431 0.030675900820309045 0.998741856381356 0.03966980489974134 0.020972623151114925 -0.6809752335132699 -0.008169395683973594 0.7322608772259417 -0.03274666858142746
0.6904328682589733 -0.05123354960898566 0.721579917834574 0.07575501609677082 0.030488791538685757 0.9986634490544408 0.04173426785265652 0.021838380570752904 -0.722753684195519 -0.00681461056483652 0.6910721185698733 -0.02710797313289282
0.6488272037185753 -0.05140797632077403 0.759197260061795 0.08526099720196616 0.027227492559494693 0.9986448370349418 0.04435259983784565 0.023164909242078847 -0.7604485014540138 -0.008106135580916 0.6493476474141474 -0.020387501878184385
0.6082659054185885 -0.05176534797862301 0.7920435196717139 0.09315928053138074 0.02593276801884548 0.9986344181785081 0.0453518508128627 0.024578039232924582 -0.7933095737782218 -0.007046103740617256 0.6087776873160614 -0.015667751789273376
0.5688540222347045 -0.052483387801213734 0.8207622039252939 0.10315256804026245 0.024348277621398882 0.9985990484790328 0.04697980154960593 0.025592915899077886 -0.8220780150109038 -0.006740503072956394 0.5693349654237434 -0.010005994409074554
0.5311595307854169 -0.05440721201050871 0.8455231564759532 0.11407917712668245 0.02420252082443996 0.9985031946089566 0.04904700135022815 0.02682759493323859 -0.8469260834580291 -0.005587990421462437 0.5316812800179188 -0.004448438237970933
0.4942475126331192 -0.05337796772377938 0.8676809256965683 0.12741602308614625 0.02164484065758654 0.9985593062614789 0.049100028019343774 0.02831810300310717 -0.8690517229307361 -0.005486751340446632 0.4946908109423976 0.002340847874903593
0.4439625265815282 -0.054093283543536506 0.8944110865071073 0.12294797260175301 0.021223247135899178 0.9985309124510867 0.04985569837648674 0.026866089272186897 -0.8957939767448498 -0.0031517542856819513 0.44445834188658184 0.014798544848698532
0.39345216381243225 -0.05293946466362402 0.9178195944042834 0.11902055832773896 0.0219093889400567 0.9985970704637818 0.04820653002887688 0.02627080127695232 -0.9190839860793933 0.0011419029208588978 0.3940600494723273 0.02786024386968278
0.33974684475868816 -0.049367135978567546 0.9392204040382588 0.10968621798690807 0.022257038358312657 0.9987638359009589 0.04444574602724187 0.026922585068363827 -0.9402535326814948 0.005803962583888652 0.34042562814555133 0.05000677347726815
0.2834181703483529 -0.04617945633806233 0.9578839170425164 0.1025079917775002 0.02158984835025396 0.9988940215163271 0.04176855548318096 0.027123964483568547 -0.9587533672246495 0.008842600932958506 0.28410172340930145 0.07912436071767012
0.22508318324270077 -0.036611114376826834 0.973651470971734 0.0922283081649712 0.018145704125697496 0.999277997223123 0.033379899453501366 0.03615375355829347 -0.9741705672227603 0.010154337488487325 0.22558500700856557 0.12691677065295065
0.21189762769870507 -0.03661518932988656 0.976605715366237 0.10865570020980772 0.01935179778986449 0.9992591764547154 0.03326569093439689 0.036987061928317536 -0.9771002524295855 0.011850155331435738 0.21244921868686578 0.12694848727807556
0.2003395697188494 -0.03727135605650066 0.9790173148737349 0.13067333807758857 0.020149633192828316 0.9992215033078592 0.033917246488677354 0.038336058533026296 -0.9795192949028928 0.012931873216543006 0.20093461017965653 0.13092067431162877
0.1892998949789099 -0.03875255646680782 0.9811543146357063 0.15302960386528636 0.019244393806831694 0.9991754054025539 0.0357513992124332 0.03972072208979486 -0.9817307182053443 0.012113983899857952 0.1898895687658823 0.13495932283701673
0.17874143993414013 -0.03998295151633563 0.9830833439939435 0.175629052146074 0.017290885761249274 0.9991473050010801 0.03749250830055828 0.0409609686345921 -0.983744134884606 0.010296916874400883 0.17928036864927535 0.1390362785052729
0.1734540163552986 -0.04140701706127079 0.9839711190620918 0.20240010084478474 0.01746165323138713 0.9990879928511586 0.038965025433934576 0.04221889048289238 -0.9846871558401902 0.010423122311859033 0.17401886002565767 0.1361384138018216
0.16786275211338128 -0.04264927846917392 0.9848873719867578 0.22502382601880383 0.017654988496249784 0.9990335409280425 0.040252769867078604 0.043443461908621986 -0.9856522702424622 0.010631234492452579 0.16845349215450447 0.13243537571421685
0.15936759009515514 -0.04328591169607128 0.9862698926135302 0.2515234880969006 0.01844380874930548 0.9989944696846085 0.04086410966097689 0.04505640595273276 -0.9870470085796739 0.011678158596507093 0.16000569822888544 0.13395104629415944
0.1663362868709397 -0.04359257129231728 0.9851050336883443 0.2765213868954474 0.019735770868493163 0.9989693896713622 0.040873681603813376 0.04681314388382035 -0.985871563145127 0.012643030797548421 0.16702519197425697 0.1162872280460981
0.11824069260456355 -0.04293596783465909 0.9920562692098142 0.28331553173366875 0.01653387852577108 0.9990113708484324 0.04126635162488173 0.04930348202480907 -0.9928473042080991 0.011523175848454505 0.11883369448551777 0.1506907367776119
0.10786977127293088 -0.04575137025317188 0.9931117382074809 0.30640911832307954 0.015307604238102714 0.9988985365921674 0.04435527980425173 0.05072046265904766 -0.9940471767969651 0.010417567565461895 0.10845130053624888 0.15270385567849976
0.09522587558552387 -0.048400959164895556 0.9942783210806168 0.3296278187391522 0.015032488016648598 0.9987732810757813 0.04718005206805704 0.05229056444032408 -0.9953421808217522 0.01045371517850652 0.09583664704050833 0.15509546193636023
0.08232313740793915 -0.04909306299525913 0.9953957867165497 0.35569691635957956 0.015253533248820996 0.998731050219475 0.04799603161646856 0.05418278270193466 -0.9964889516551314 0.011232118822618925 0.08296751614947785 0.15710191684753821
0.06873609098384911 -0.048492627406847726 0.9964556261487223 0.3775713214942392 0.015151230779874831 0.9987534990984069 0.04755931291072761 0.05531218909936817 -0.9975198193530375 0.011828487894322844 0.06938513437342939 0.15834113596717753
0.05456025682993526 -0.04631370275178778 0.997435822152018 0.40482713708876694 0.013875226666369948 0.9988624558973026 0.0456209632051123 0.0567736763281608 -0.9984140706438438 0.011350556648216137 0.05514080525497663 0.15972838856297053
0.038955361952277494 -0.04371840389065441 0.9982841183432812 0.433393827470976 0.013592413158437606 0.998973190730861 0.04321817332476101 0.05864173640389784 -0.9991485005141626 0.011885510601246006 0.039509600833851403 0.16041565682636938
0.019198860468654783 -0.0410410906530334 0.9989729889415009 0.4520088216128947 0.011333700728464647 0.9991018843150051 0.040828568258013474 0.05967052934459388 -0.9997514446023594 0.010538198907362082 0.01964676510996503 0.16060607238419988
-0.006175864278071717 -0.038502817158247445 0.9992394066345156 0.4802015294025215 0.007166962917381996 0.9992310940978559 0.038546792739968215 0.06124422540076288 -0.9999552456700057 0.007399571533252796 -0.0058951673567897165 0.160453487817315
-0.035917387296486955 -0.03673715908943999 0.9986792890772455 0.5100605109317496 0.00453839503676143 0.9993077894147817 0.036923501803425844 0.0628687980425568 -0.9993444572620022 0.0058585968434803695 -0.03572579716033095 0.15917005449441807
-0.0684300730792146 -0.03508159718448581 0.9970389193192811 0.5395019858572088 0.0026167981221054404 0.9993718051099961 0.03534328109798351 0.0644462954502243 -0.99765248331569 0.005027592880134528 -0.06829528419935112 0.15673408673920278
-0.1019947902261636 -0.03282655745073268 0.9942431693970322 0.5658037789715015 0.002065113954810382 0.9994462557676006 0.0332101962727227 0.06564300996994388 -0.9947827893922754 0.005440492445802351 -0.10187052061746159 0.15360518465375794
-0.13519649577867526 -0.029538872641974884 0.9903783936113556 0.593592936449412 0.0021762260141105975 0.9995442423369661 0.030109328311178213 0.06708494832913478 -0.9908164166834864 0.0062259629019102165 -0.1350705956766384 0.14952732595311613
-0.16731160644249599 -0.02578988949903083 0.9855666938108554 0.6252100761504388 0.001423232775470276 0.9996504451144615 0.026400037706792077 0.06851408999520461 -0.9859030382132413 0.005819723539908362 -0.16721641683704658 0.14389713504684964
-0.19946155173124688 -0.020709946980843424 0.9796867802910351 0.6609852917349415 0.0005619790432219143 0.9997740566394793 0.021248996451339295 0.07010306430779406 -0.9799054921575446 0.004788921244359595 -0.19940484616176524 0.13661539213790713
-0.23036527864770218 -0.013854486930126954 0.9730055968931888 0.684288090055518 0.005558380487842905 0.9998635966109174 0.015552896149197831 0.0708613360884047 -0.973088353028604 0.008991182579520616 -0.23025684753314687 0.13053532661918202
-0.2612407944051652 -0.006131037461133124 0.9652541933181172 0.7185883044558318 0.012059915625180537 0.9998810487173057 0.009614928553525687 0.07154478516598418 -0.9651983245808468 0.014152695701739097 -0.26113577968310325 0.12082977493844956
-0.28999478862317324 0.00219270291985272 0.9570257126249572 0.7574230864909673 0.019427467021225872 0.9998048016343419 0.0035961304268812733 0.07216467744896338 -0.9568310175242766 0.019635444553490877 -0.2899807807780483 0.10794677235967909
-0.31738014993518626 0.009940890969821753 0.9482462861060124 0.7853456533280854 0.02691595897314866 0.9996366179159888 -0.0014708072723633187 0.07249207428961345 -0.9479163315291477 0.025056153100641392 -0.31753238828838026 0.09788496894319823
-0.3435358420918909 0.018343581310400012 0.9389604029046831 0.8085492676924164 0.03679171349223115 0.9993045719244551 -0.0060615467646834295 0.07275142649532432 -0.9384186139546271 0.032463603552034086 -0.343971829410339 0.08880819273358137
-0.36915515676693433 0.030334364875395738 0.9288725943529539 0.8371344921262523 0.04397855048226766 0.9989176910964043 -0.01514376149114413 0.07254947599320709 -0.928326643660442 0.03526007263504178 -0.37008967825097855 0.077208947031471
-0.3932103995140564 0.0471220366568648 0.9182402165965649 0.872307779254035 0.05025448060917162 0.9982944417023802 -0.029710180827905393 0.07180969961443565 -0.9180741086060007 0.03446333308653919 -0.3949078497318932 0.061279487262886706
-0.41697272639286265 0.06559853846816205 0.9065487174969389 0.9012413610417962 0.05259397453158755 0.9974623798242294 -0.04798619258023231 0.07125024791211054 -0.9073960652810202 0.027670066610284757 -0.41936469585112734 0.04801334395573642
-0.44032291621996905 0.08083336437728077 0.8941933217459144 0.9396337113735302 0.05431637221212985 0.9965130527231316 -0.06333614656836295 0.06950524486190954 -0.8961949905914781 0.020680980534434453 -0.44317810853298983 0.02842349994512979
-0.4635443231530803 0.09173342618870754 0.8813124525344199 0.9695161079001564 0.059041132455991165 0.9956137534033535 -0.07257684694440052 0.06769790335393776 -0.8841045216210983 0.018391099851770978 -0.4669271488095065 0.012382276789715586
-0.48550722499027427 0.09660643202579841 0.8688785483446396 0.9979680938541945 0.0633779354412917 0.995149932946797 -0.07523196298898631 0.06585371200332683 -0.871932320642747 0.018542066961955084 -0.48927519860640345 -0.004074824462927517
-0.5068023226017007 0.09686173072774504 0.8566032984561452 1.0236652148072396 0.06696631388236911 0.995088411095837 -0.07290107617698159 0.06405835517547641 -0.8594573396106016 0.020417130630428177 -0.510799591000512 -0.019312635627545344
-0.5255436957767932 0.09379994448675845 0.8455799159414508 1.0455741808219798 0.07173002615047373 0.9952499018356191 -0.06582124462994018 0.06228711269897986 -0.8477373574272428 0.026061529319347635 -0.5297755841031324 -0.033507695674446086
-0.5418758071472923 0.09384640510337651 0.8352026471926697 1.065213497586593 0.07952864898813071 0.995012814783466 -0.06020541841726701 0.060831991327219365 -0.8366873989839912 0.03379867846304417 -0.5466368499429576 -0.04679554242759198
-0.5548767699010583 0.09437940772515148 0.8265617324928715 1.091555393251448 0.08153533984074461 0.9949303632931896 -0.058869011834132984 0.058745545424857985 -0.8279273872636569 0.0347289446243677 -0.5597590033434535 -0.06460665237537298
-0.5649826467574085 0.09929091207251808 0.8191067840292866 1.1154061862834237 0.08584100268164929 0.9944192322354214 -0.06133280377509943 0.05726384738464903 -0.8206253293200287 0.03566097783450424 -0.5703528412643225 -0.08153936512383075
-0.5752073840985549 0.1020180494835804 0.8116210833006142 1.139389670933217 0.08651821353226237 0.9942147269670101 -0.06365277220271214 0.055758419808546844 -0.8134193653987382 0.033606461602943435 -0.580706071720322 -0.09771253458880902
-0.5862825435417167 0.1009409518456669 0.8037933213076264 1.1572165703498496 0.08021825214981225 0.9945641032382281 -0.0663873223737748 0.05455077666208153 -0.8061251833060957 0.025557167104767693 -0.5911928788891966 -0.10991595244672174
-0.597165428619782 0.09987763377406696 0.7958755613367237 1.1798254091205431 0.07943422102260968 0.994703738133929 -0.06522789183248623 0.053011714992764726 -0.7981752034433826 0.024267913261601586 -0.6019363861688757 -0.12612992686052032
-0.6063113663851345 0.10186318157345649 0.7886763716708671 1.201575171660117 0.08059068028660923 0.9945268356845823 -0.06649447611753431 0.052201391659214474 -0.7911331551914215 0.0232436086470426 -0.6112021477497708 -0.13988280999129343
-0.6128569661734432 0.1054085671317824 0.7831317724290766 1.2243105658998987 0.08433489776925135 0.9941274575937921 -0.06781019891096483 0.05049599868181277 -0.7856805737899685 0.024487385187466237 -0.6181475583837163 -0.157728035265132
-0.6164787563594768 0.10837937034617379 0.7798768204279694 1.2431053867831416 0.08494909749418435 0.9938549198922494 -0.07096512552575039 0.04926547066730275 -0.7827755705132842 0.02250133972298028 -0.6218971747148212 -0.17229489941252005
-0.6166883790443402 0.11046209187184411 0.7794187381702854 1.2659050796307172 0.08416001826176013 0.9936828291045654 -0.07423965563577871 0.04755543950270091 -0.7826956844635378 0.019813162343129888 -0.6220891448338595 -0.1902309482670264
-0.6162985514414485 0.11108879851044594 0.7796379764587389 1.2880345537304607 0.08606387103948215 0.993571864734094 -0.07353883131044629 0.04511040883196293 -0.7827956985017691 0.02177678705210172 -0.6218976330175395 -0.20118900439868675
-0.6128251783841708 0.10973498751706169 0.7825621593541557 1.3024670406697103 0.0829796147427842 0.9937723087786964 -0.07437057107344268 0.04387800070807032 -0.785849657552607 0.019360548010872936 -0.6181144593885285 -0.21176319152513706
-0.6064768740572603 0.10889163137253954 0.7876093027959742 1.334239288828513 0.08150069867967011 0.993873627111485 -0.07465152005805356 0.040274339721349306 -0.7909130403201488 0.01891628793604766 -0.6116361146157601 -0.23439144815159457
-0.600573084823997 0.10754257831154726 0.7923045901893363 1.3627298354714508 0.07816806816872063 0.9940638188157754 -0.07567613388750098 0.037743053686267555 -0.795739733143796 0.016483870039939067 -0.6054143697706144 -0.2550951416139643
-0.5959853650879375 0.1059038390860139 0.7959810434098553 1.3911373729482395 0.07505915714884183 0.9942721115949622 -0.07608607646995628 0.0345163795485304 -0.7994795604198425 0.014399478161742505 -0.6005206803263041 -0.2735116534805853
-0.5923218752609768 0.10402074513105244 0.7989583723008983 1.4197855321199007 0.07144237301577779 0.9945056235431696 -0.07651504478778852 0.032286872223595706 -0.8025277462027063 0.011757947243617579 -0.5964989247697122 -0.29431235275557854
-0.5909697349796647 0.10178227718435695 0.8002469246359103 1.4557541379475132 0.06792246494741283 0.9947639110810159 -0.07636294891018339 0.029275151319789094 -0.8038291554139684 0.009226552008140283 -0.5947886680532081 -0.32095468478759
-0.5923686982723528 0.0997406514605592 0.799469278805222 1.485299565747725 0.06528961865853401 0.994986533797423 -0.07575660537012165 0.026930155055159354 -0.8030171797679939 0.007321202633774496 -0.5959109069227164 -0.34213389106667363
-0.5939279423902989 0.09938479764994429 0.7983559740141649 1.5213532417028532 0.06513602431974615 0.9950229272826269 -0.07541002929134223 0.022968155114881223 -0.8018771087790476 0.00721361060660186 -0.5974454504288853 -0.3664082790463282
-0.5945521136389766 0.09950550127063905 0.7978762055509018 1.5571780991018793 0.0657412116454658 0.9950064292689622 -0.07510192277703326 0.020208868274972338 -0.8013650087561928 0.007801341570566362 -0.5981247878251564 -0.3928236488211316
-0.5948411211877026 0.09952938544386461 0.7976577850038974 1.5963239245484866 0.06601781272642197 0.9950017095409263 -0.07492160178110141 0.015958150070807996 -0.8011277606892531 0.00809317266550961 -0.5984386448160169 -0.42017825337281883
-0.5946329297546702 0.09970622700403721 0.7977909169375124 1.6342999450133269 0.06651930220781274 0.9949796871166964 -0.07477034612023109 0.013015426004531176 -0.8012408260224663 0.008607585130169335 -0.5982800750426712 -0.4486054376679781
-0.5953220435931497 0.099416924364104 0.797312949576299 1.6732008357004082 0.06589713135704056 0.9950139341805792 -0.074865471783671 0.008852105342450383 -0.8007803896768387 0.007971570514076808 -0.5989050188239791 -0.47490159588690495
-0.5955480176547411 0.09847095167825887 0.7972615821316653 1.7070547228263235 0.06448757996280136 0.995115974472312 -0.07473653310499993 0.006030494804984575 -0.800727113752276 0.006904275891912915 -0.5989894993039189 -0.49998392667417424
-0.5987739448187419 0.09797345623510242 0.7949031166623707 1.7410455092398696 0.06391271964645293 0.9951697915193869 -0.0745134237211414 0.0022844180049247154 -0.7983639065448768 0.006187723377873588 -0.6021434918736592 -0.5224353196262752
-0.5984970473160458 0.09776280036677303 0.7951375473579533 1.7831408892513334 0.0626670499295735 0.9951980368548068 -0.07519114504684361 -0.0012840941149821804 -0.798670223062748 0.00482724608630916 -0.6017495928441696 -0.5535180446816802
-0.5974119992895474 0.09756940143324523 0.7959768306984976 1.8241793003903248 0.0630843023574948 0.9952128534538224 -0.07464413651694479 -0.004406285800312317 -0.7994493566830456 0.005620340225512688 -0.600707198121361 -0.5836153165294207
-0.595361501058792 0.09648801946572515 0.7976432442869458 1.8612469424179157 0.0636966882691926 0.9953063991244534 -0.07285536195396473 -0.007879779247499264 -0.8009290948395875 0.007431955428277032 -0.5987130790937787 -0.6113875929961388
-0.5936102425465093 0.09620003303199928 0.7989821234474004 1.9042403336408784 0.0638759635829592 0.995329322545522 -0.07238370643599412 -0.011269481078555134 -0.8022136506070091 0.008068043486873771 -0.5969825503765345 -0.642617149168651
-0.5914215131465337 0.09705347134566848 0.8005006043015958 1.944154809136493 0.0651439933726553 0.9952361873810802 -0.07253407099168395 -0.01475190369291587 -0.803726852801951 0.00924959604084806 -0.594926542573244 -0.6719139051145471
-0.5897051502970874 0.09816506661975577 0.8016304980529546 1.975648736885045 0.06618180983727906 0.9951208782902534 -0.07317380431198502 -0.017642063544279264 -0.8049023566618206 0.009902387912293408 -0.5933246488676192 -0.6946721775371949
-0.5886035891091453 0.10062744966206155 0.8021346091912138 2.0082301527464463 0.06715640464159287 0.9948796528853889 -0.07552809801825096 -0.019440952966856325 -0.805627601440919 0.009412366819739493 -0.5923475121475605 -0.7185928004476221
-0.5878726146893405 0.10137016703472569 0.8025770231782555 2.016621717181028 0.06496790023886627 0.9948291477065007 -0.07806496533081893 -0.020831196586888655 -0.8063404745123933 0.00624948869118819 -0.591418619130501 -0.7326164511914757
-0.5908771310747323 0.10391397641469097 0.8000413123574185 2.04565445892749 0.06398853335479701 0.9945823833855086 -0.08192283111743234 -0.023187663798381088 -0.8042199223918762 0.0027871427808081775 -0.594325288258143 -0.7535740518022522
-0.594709918279234 0.1058665646068283 0.7969393851471107 2.080514994755228 0.06397857334290327 0.9943800048496395 -0.08435133732330612 -0.02589953232934772 -0.8013905759698656 0.0008224679761928252 -0.5981408431908959 -0.7794773760622358
-0.5992729893537151 0.10669321283932123 0.7934030769823652 2.1154173950065185 0.06698348749214067 0.9942863871942499 -0.0831131315953653 -0.028847817665650394 -0.7977374860406471 0.0033374502575685664 -0.6029956590153259 -0.8061220922800127
-0.6029694319897224 0.10677629888378698 0.790586292622552 2.1551875648186956 0.06974101506616132 0.9942634954401077 -0.08109434291460715 -0.032212295097313826 -0.794710044546772 0.006238880660087419 -0.6069571825628044 -0.8385751857254701
-0.6076263106567593 0.1057315329030568 0.7871538029811106 2.1906187634955745 0.06832133565029484 0.9943837631186432 -0.0808277597175499 -0.035463343580035236 -0.791279003697567 0.004666325746050582 -0.6114374569090595 -0.8662278317567599
-0.6113124165501241 0.11094528528411488 0.783574038011006 2.219184520752309 0.0718735161424851 0.9938159786445574 -0.08464040564687925 -0.037876659101450286 -0.7881188533774348 0.004576490356037614 -0.615506075264135 -0.8890277029415166
-0.6155959740295506 0.11393764769738812 0.7797818984791802 2.249074732233463 0.07251401175815309 0.9934849457853114 -0.0879168959682195 -0.04024356836721643 -0.7847186214544335 0.002423826547900895 -0.6198474088092325 -0.9126215800866172
-0.6196620763270194 0.11613238442088554 0.7762294637868409 2.2743892905222327 0.07196323274289178 0.9932335484462206 -0.09115048751439968 -0.04261136246419504 -0.7815626681816876 -0.0006225187870129467 -0.6238264247169093 -0.9327617063678563
-0.6241000962992171 0.1162234862135565 0.7726520374992063 2.2949935020196546 0.07075614935090252 0.993218845547618 -0.0922490768413474 -0.04539145757470306 -0.7781340740054634 -0.002902774778628495 -0.6280915035010783 -0.9467969108822417
-0.6280816093100746 0.11611789754191668 0.7694349393658385 2.3208032502067173 0.07211974934301661 0.9932340206867308 -0.09102154637865686 -0.049007044569546465 -0.7747981890796897 -0.0016775043685776077 -0.6322064157994027 -0.9657208320906143
-0.6313495064095068 0.11060818007160078 0.7675699520289471 2.3482807839129514 0.0738315523388306 0.993853479710492 -0.08248734900926595 -0.052692693285418944 -0.7719758432980333 0.004592534004906681 -0.6356352774946529 -0.9845528474611293
-0.6328142805779986 0.10101695808716607 0.7676859126461586 2.3800510779373116 0.06986913244214392 0.9948583428152684 -0.07331563313940316 -0.05583298098103273 -0.7711448570977644 0.007242369064407376 -0.6366185337091624 -1.010794888573803
-0.6363842329467243 0.09964916691719079 0.7649085903488855 2.408614936951227 0.06969882869860175 0.9949926452640717 -0.07163594871599022 -0.058705842008048376 -0.7682168843073237 0.007725244533774963 -0.6401430615589317 -1.0289090803500216
-0.6377572748471306 0.10111232339258762 0.7635718410455654 2.4420942874441463 0.06454721654947732 0.9948749546998098 -0.07782982299066445 -0.061587247319108834 -0.76752805500208 -0.0003500988373142269 -0.6410152589568591 -1.0558299736899317
-0.6403474232832471 0.10651502596794402 0.7606640038397726 2.4702837258352233 0.06489127930248821 0.9942994333270653 -0.08460353867277168 -0.06484027395232814 -0.7653393360888958 -0.0048151976612431785 -0.6436089764029806 -1.075899866553329
-0.6417945463999964 0.1093373538163995 0.7590422275945194 2.4942335795347064 0.06728126274070263 0.9939953421880159 -0.08629305529726931 -0.06722323485339184 -0.7639194930719067 -0.004313092735909696 -0.6452971449927652 -1.0927343900223412
-0.6432169928060164 0.11074546502370905 0.7576327224600766 2.523898305169035 0.07037235483517329 0.9938473532853301 -0.08552876733993404 -0.07136355329276144 -0.7624431990912747 -0.0016971577471030569 -0.6470529250494472 -1.1141369980555882
-0.6442842467784625 0.10959967731408203 0.7568921456097681 2.5499218613946275 0.07228980488805034 0.9939744737428087 -0.08239496135654253 -0.07564547526894531 -0.7613619332895207 0.0016298099114832253 -0.6483250344212363 -1.1312772319008546
-0.6455210825645704 0.10643673425512694 0.7562894641377522 2.5798443726741676 0.07259791937148505 0.9943089556756451 -0.07796949894754207 -0.07968790824113525 -0.7602842061147895 0.004574086171337575 -0.649574478923012 -1.1519042974656288
-0.6466031011386227 0.10085278293429077 0.7561303761735313 2.611131258826203 0.0708492927751235 0.9948771224987014 -0.07211025476282058 -0.08419651303029685 -0.7595293327523179 0.006944588044143825 -0.6504359810048311 -1.174035410466708
-0.6480624284021206 0.09614731063967971 0.7554937349510613 2.6404850899810843 0.06536547515480907 0.9953605041058626 -0.07060326850719147 -0.08867307731210734 -0.7587769392590505 0.003627881319657527 -0.6513404600712279 -1.193822314676185
-0.648591516810757 0.09226891958816838 0.7555233224720169 2.6717703938346338 0.06080798792993465 0.9957336923886887 -0.06940318757730696 -0.09286884221062888 -0.7587037847045678 0.0009275343713930157 -0.6514351132345848 -1.2151699151511581
-0.6320354094067279 0.09259120301598946 0.7693881402647971 2.684111458300646 0.06120520794481281 0.9956992755145059 -0.06954764741031463 -0.09533517043703357 -0.7725187141917682 0.003133985310924325 -0.6349842630802514 -1.2611513151768357
-0.6313014742893365 0.09560716836246 0.7696218018727273 2.714905545836047 0.06343026305542739 0.9954126338434188 -0.07162604354294531 -0.09854739624472263 -0.7729392280696005 0.0035996864598031317 -0.6344698511108017 -1.2814462331884615
-0.6267701587918147 0.09878858876554814 0.7729165432165337 2.7506244366853125 0.06417306638808475 0.9951053038986672 -0.07514819826902297 -0.10206825875806848 -0.7765571360810704 0.002499776478286916 -0.6300418760043861 -1.3090890206051164
-0.6208929892766486 0.10253651134683772 0.7771603178932441 2.7912186799354353 0.07057670815981737 0.9946939893943317 -0.07485182514877185 -0.10773465402979404 -0.7807117420229002 0.008374443479905552 -0.6248352139276179 -1.3372627440358462
-0.6146931635200183 0.10440634304036618 0.7818258311508328 2.828798145501936 0.07219649227933826 0.9944873971242641 -0.07604264240250264 -0.11129217546303881 -0.7854552700340812 0.009702190161649818 -0.6188423759583352 -1.3645631344632865
-0.60743196982319 0.10280553875612415 0.7876911978927933 2.8670332223377577 0.0681463117008323 0.9946786213946058 -0.07726914223730312 -0.11565139750988061 -0.7914432906016023 0.006742502619848567 -0.611205412623392 -1.3902111252802332
-0.5991105868058473 0.10034093083754053 0.7943539528294744 2.905511638916364 0.06480754845909782 0.9949380843244013 -0.07679967463213203 -0.12003654821852103 -0.7980391509442852 0.005468634156315013 -0.6025807892727671 -1.4156873726694355
-0.5896672037779519 0.0979802061797255 0.8016810263350828 2.9335569024752597 0.06476844081307627 0.9951537829183004 -0.0739864678034342 -0.12339229516165715 -0.8050451154210769 0.008296236518089237 -0.5931555736872943 -1.4345882619843278
-0.5803353370292299 0.0980265016639096 0.8084563696123044 2.975882714258939 0.06516732915780593 0.9951354688828694 -0.07388245922883424 -0.12898614900323047 -0.8117660474580146 0.009808340471133228 -0.5839004030240054 -1.4620949465720847
-0.5706248671905729 0.0980753012464951 0.8153333650901032 3.0175730065723734 0.06591921086479677 0.995109418750964 -0.07356563295501252 -0.13393099473317122 -0.8185608826365346 0.011767752483731766 -0.5742992263783577 -1.4876278933834928
-0.560317942123312 0.10064517634976404 0.8221401049773833 3.0638399505852005 0.06952713406747708 0.994802025506782 -0.07439696012578656 -0.1403013894923292 -0.8253543368536076 0.015475093703098498 -0.5644029944213823 -1.5155094799122724
-0.5513398322538192 0.10498642222150731 0.8276486214085418 3.110405362075892 0.07048809087841375 0.994365223781489 -0.07917847421044953 -0.1469789191098192 -0.8312976713636618 0.01468512455193478 -0.5556334481492716 -1.5417047747774872
-0.54100205969813 0.1159643707895626 0.8329880167864144 3.144929853274058 0.07585563944161133 0.9931394827185971 -0.088993762873195 -0.1514150545517396 -0.8375933938178389 0.015041029645846221 -0.5460870572169877 -1.5619808479392634
-0.5300652466909734 0.12147484248474892 0.8392107583281716 3.164645743132995 0.0772878591990358 0.9924873214313221 -0.09484462883315499 -0.15410196522934091 -0.8444272739975107 0.014586961348221876 -0.5354715673943484 -1.5732997016234167
-0.5204341462060225 0.11802098733818135 0.845706418333532 3.2105879105728934 0.07366902927121527 0.9929154500999327 -0.09322973280597975 -0.15979813839728427 -0.8507180341270806 0.01378243449316998 -0.525441596098366 -1.598492664914202
-0.5095190570691027 0.11613259599507958 0.8525863889547253 3.241503878946446 0.07433243369668549 0.9930867491400645 -0.09084821397879041 -0.16425840947392645 -0.8572426842989911 0.017085924904786467 -0.5146290425014992 -1.6159242764302102
-0.5010924303904903 0.11630750249686118 0.8575423844150777 3.2828759465864112 0.0694903458162728 0.9931353181326162 -0.09409214481534357 -0.16960595163415265 -0.8625992511263186 0.012442055318938664 -0.5057348388392433 -1.637919269872188
-0.4945810172191262 0.122535551297621 0.8604502635682582 3.317042852554195 0.06975847566471881 0.9924141816080767 -0.10123165125639008 -0.17498394975291431 -0.8663275203290197 0.00995644571866813 -0.4993771087156713 -1.6551738007352752
-0.49183933405002034 0.12611698952824976 0.861503670586241 3.3551394637767755 0.06274466583893633 0.9920153446466834 -0.10940138433434636 -0.180073001380548 -0.8684222339334661 0.000246855914793587 -0.49582533484299296 -1.673819857403304
-0.4888470675322229 0.12880169126829563 0.8628085934270563 3.3881022980967765 0.06184086895571253 0.9916685827526354 -0.11300057038869941 -0.18508025853831594 -0.8701748396109527 -0.0018831643040012067 -0.4927394871534623 -1.690844180344383
-0.48575814665318673 0.12889068926885525 0.8645381502165553 3.4246975481260584 0.060849164060126165 0.991655395403072 -0.11365278703643861 -0.19058637195517125 -0.8719727072524939 -0.002601343454026839 -0.48954757768677687 -1.709634104833316
-0.4815323112096844 0.1298512574024567 0.8667556081226492 3.465540752753356 0.06185843944277419 0.9915325456284747 -0.11417856379027785 -0.19697655248309784 -0.8742426246361835 -0.001364518415797139 -0.48548735447870345 -1.7300952688573583
-0.47690961000572063 0.12717274411300308 0.8697035799851365 3.505751418738663 0.06194565391925128 0.9918801719959207 -0.11106961943685469 -0.2033894298066088 -0.8767667647924997 0.0009041880889772958 -0.4809149847937715 -1.74948959724523
-0.4719157827927312 0.1254674702434515 0.8726702744231837 3.5402111283157778 0.06411221012617448 0.9920851450390941 -0.10796614981319674 -0.20867232323549645 -0.8793094554614201 0.004997889900471974 -0.47622463463441633 -1.766611751455884
-0.46751613185764945 0.12250190843497066 0.875455280915395 3.584303729472389 0.061337094093943154 0.9924598679695622 -0.106118666397284 -0.21513839696935658 -0.8818539716647931 0.004085694508594967 -0.471504909581451 -1.7877189947099237
-0.4639996313002156 0.1192876560070705 0.8777669379041368 3.622696702395525 0.05101760727824692 0.9928455312168049 -0.10795811637117136 -0.22015561627119215 -0.8843650523968395 -0.0053109572722683015 -0.4667657312099798 -1.804658507277814
-0.4590946832290496 0.1184516589002075 0.8804551529377345 3.662772381449652 0.04262055075971357 0.9928667442737592 -0.11135132135790894 -0.22554589807219444 -0.8873643899119206 -0.013595316068513013 -0.4608683183917522 -1.8225457758513484
-0.45395356836523465 0.12230103335930703 0.8825919867117068 3.675495201719799 0.041979525543675573 0.9923708816786151 -0.11592132086688602 -0.2278208224961073 -0.8900358853459761 -0.015572104406328596 -0.4556244422336909 -1.8315120331273933
-0.44779333215990186 0.12548096939298456 0.8852884603299257 3.7132924041539854 0.042241976693893075 0.9919670586856562 -0.11923493568374957 -0.2332538091777433 -0.89313870539694 -0.015996274651070258 -0.4494967987863371 -1.848689995175158
-0.4423565331669909 0.12390502498635096 0.888238843075225 3.75594393878105 0.040470426124253216 0.9921592132454701 -0.11824652291479208 -0.23939829159745463 -0.8959256900958915 -0.0163597174562728 -0.443902599081094 -1.868041841805602
-0.435267269896703 0.12032176889412034 0.8922247898858574 3.791108898398531 0.040171987716328524 0.9926377193983515 -0.11426534658655667 -0.2447678167516421 -0.8994045892475683 -0.013893522153034923 -0.43689627474103626 -1.883912239081164
-0.42979050926143914 0.1172218390124094 0.895287193367214 3.8292590365525827 0.036602158142195425 0.9929838943790283 -0.11244228529863697 -0.2503044762396687 -0.9021864553229134 -0.015557183626714828 -0.4310656259428255 -1.899744008901027
-0.4241932566867076 0.12121029652695653 0.8974230579817826 3.8656734198509555 0.035875102592630624 0.9924730344321103 -0.11709078930075825 -0.2555584138210003 -0.9048607948162467 -0.017473978967419534 -0.4253488004726882 -1.9147187535108587
-0.4195546564054423 0.12467163114396165 0.8991278411196135 3.89417975201849 0.037470367489520345 0.9920577351972574 -0.12007256803897917 -0.2597992884325288 -0.9069563726269902 -0.016686354400504796 -0.420893934059534 -1.928647469134245
-0.41395715628525115 0.12356026789420922 0.9018715723195524 3.9336601963924043 0.03084265192279252 0.9920799498838383 -0.12176248954763201 -0.2651834574520575 -0.9097737100964143 -0.022588342931239788 -0.41448952119568144 -1.9446966634707328
-0.4082785926562219 0.1224537852550492 0.9046069097985973 3.9747444493205375 0.027665910571461432 0.9921665693609942 -0.1218199328298696 -0.2709880756018724 -0.9124380462096608 -0.024709696864443804 -0.40846816609126696 -1.961101355284297
-0.40145892890102386 0.1220516698050613 0.9077081680272802 4.014854093371647 0.027528434922562666 0.9922410753255192 -0.12124287074941055 -0.27662223232119776 -0.9154632235520733 -0.02368624779572932 -0.40170393076120714 -1.976570326273923
-0.3944687570567751 0.12268443979225387 0.9106826713729353 4.054588708410193 0.026959921380924193 0.9921658794950502 -0.12198372926310527 -0.2823654529987286 -0.9185137790720473 -0.02356683684038612 -0.39468600413002175 -1.992106494163342
-0.38846948671622417 0.12286939822764852 0.9132330309781896 4.09606913548927 0.025303805008173866 0.9921187934676357 -0.12271926132607557 -0.28844795549369273 -0.9211140946389532 -0.024564417914642332 -0.3885169417541215 -2.0076851780449125
-0.3781778018148389 0.1224787691938135 0.9175949549290621 4.122486820000114 0.0208617882840183 0.9920849314444752 -0.12382356233928445 -0.29174212144913036 -0.9254978854671067 -0.027684650938143113 -0.37773962473950995 -2.026395909419167
-0.37383178838033504 0.12003706834614836 0.9196960890529136 4.1583713758885255 0.013342718204146923 0.9921831942993466 -0.1240744970606635 -0.2959437481118811 -0.9274005423048239 -0.03411174537889283 -0.3725112387028374 -2.039216979448624
-0.36823566405472136 0.12192416397169234 0.921703311243908 4.184673851881439 0.01744888903087666 0.9920956782364503 -0.1242646429847719 -0.29938744517794386 -0.929568734408469 -0.029675974530737288 -0.3674524520885476 -2.0522949901764735
-0.3646694360009612 0.12339921992234117 0.9229240678242716 4.214137040432037 0.020670981854444992 0.9920082184785772 -0.12446848990856949 -0.30430689176326214 -0.9309075748729896 -0.026312107355826658 -0.36430586057677294 -2.0608539999858264
-0.36107046330000453 0.12524659817770778 0.9240895033367892 4.244019588515201 0.021361109515951784 0.9917905723468623 -0.12607602311350793 -0.30875627384423626 -0.932293850420866 -0.025782750993300314 -0.36078168775403846 -2.0688240745526887
-0.3562394990403391 0.12558107663736273 0.9259172816802214 4.276157794308153 0.02643638749567204 0.991885297050919 -0.12435704608254464 -0.3133831707145393 -0.9340206297184576 -0.019822983751145586 -0.35666863133101234 -2.0783645936143085
-0.35152039998470863 0.12634424266655597 0.927615513421162 4.3022866320392765 0.033206562422541275 0.9919106372619374 -0.12251780237452017 -0.3170081766016833 -0.9355911140058275 -0.012264584445402465 -0.3528722819402452 -2.085671893313738
-0.34786046257120257 0.1256678454130621 0.929085943930371 4.334369597144018 0.031618884898456136 0.9919848243664688 -0.12233705221391887 -0.32098809430753494 -0.9370129906770364 -0.013179562050824585 -0.34904577700729156 -2.0967190396163202
