1.0000 0.0000 0.0000 0.0000 0.0000 1.0000 0.0000 0.0000 0.0000 0.0000 1.0000 0.0000
1.0000 -0.0025 -0.0034 -0.0004 0.0025 1.0000 -0.0020 -0.0005 0.0034 0.0020 1.0000 0.0373
1.0000 -0.0007 -0.0072 -0.0016 0.0007 1.0000 -0.0034 -0.0010 0.0072 0.0034 1.0000 0.0749
0.9999 -0.0005 -0.0111 -0.0027 0.0004 1.0000 -0.0047 -0.0015 0.0111 0.0047 0.9999 0.1145
0.9999 0.0008 -0.0157 -0.0044 -0.0008 1.0000 -0.0054 -0.0019 0.0157 0.0054 0.9999 0.1539
0.9998 -0.0005 -0.0200 -0.0058 0.0004 1.0000 -0.0054 -0.0027 0.0200 0.0054 0.9998 0.1942
0.9997 0.0018 -0.0242 -0.0078 -0.0019 1.0000 -0.0066 -0.0034 0.0242 0.0067 0.9997 0.2352
0.9996 0.0046 -0.0290 -0.0098 -0.0048 1.0000 -0.0070 -0.0041 0.0290 0.0072 0.9996 0.2755
0.9994 0.0054 -0.0331 -0.0121 -0.0056 1.0000 -0.0054 -0.0048 0.0331 0.0056 0.9994 0.3182
0.9993 0.0049 -0.0376 -0.0144 -0.0050 1.0000 -0.0028 -0.0055 0.0376 0.0030 0.9993 0.3632
0.9991 0.0048 -0.0412 -0.0169 -0.0048 1.0000 -0.0002 -0.0062 0.0412 0.0004 0.9992 0.4093
